     0/199     1.77G    0.1037   0.03877   0.04147    0.1839        17       640  0.000265   0.04223 5.203e-05 8.414e-06   0.09329    0.0318   0.03759
     1/199     3.37G   0.09804   0.04028   0.03543    0.1737         9       640  0.001098    0.0454  0.000175 3.344e-05    0.0908   0.03073   0.03288
     2/199     3.37G   0.09525   0.04021   0.03148    0.1669        11       640 0.0008258   0.03654 0.0001262 2.388e-05   0.08951   0.03034   0.02965
     3/199     3.37G   0.09411   0.04033   0.02937    0.1638        15       640  0.001317   0.08021 0.0002578 4.656e-05   0.08883   0.03029   0.02746
     4/199     3.37G   0.09315   0.04284   0.02722    0.1632        32       640  0.001804   0.02973 0.0006398 0.0001205   0.08663   0.03079   0.02568
     5/199     3.37G   0.09084     0.043   0.02574    0.1596        17       640    0.2521   0.01907 0.0008074 0.0001391   0.08373   0.03119   0.02416
     6/199     3.37G   0.08958   0.04267   0.02423    0.1565        23       640  0.002396    0.1821  0.001708 0.0003122   0.08274   0.03154   0.02142
     7/199     3.37G   0.08526   0.04143   0.02289    0.1496        13       640    0.7596  0.006131  0.002077 0.0003861   0.08113   0.02999    0.0221
     8/199     3.37G   0.08389   0.04302   0.02034    0.1473        34       640    0.7607    0.0361  0.005631  0.001208    0.0747   0.03046    0.0193
     9/199     3.37G   0.08055   0.03909   0.02017    0.1398        24       640    0.7807   0.02112  0.007729  0.001515   0.07502   0.03031   0.01833
    10/199     3.37G   0.07918     0.039   0.01889    0.1371        21       640    0.7811   0.03732   0.01904  0.003815   0.07219   0.03208   0.01583
    11/199     3.37G   0.07627   0.03727   0.01777    0.1313        13       640    0.6483    0.1579   0.09239   0.02898   0.06705   0.02753   0.01537
    12/199     3.37G   0.07448   0.03496   0.01563    0.1251        33       640    0.6704    0.1524    0.1053    0.0275   0.06336   0.03064   0.01101
    13/199     3.37G    0.0742   0.03322   0.01367    0.1211        18       640    0.6612     0.169    0.1173   0.02771   0.06473   0.02363   0.01284
    14/199     3.37G    0.0745   0.03266   0.01346    0.1206        15       640    0.6835    0.1752     0.117   0.03299   0.06832   0.02492   0.01685
    15/199     3.37G   0.07125   0.03166   0.01205     0.115        18       640    0.8532    0.1949    0.2226   0.07007    0.0624   0.02308    0.0108
    16/199     3.37G   0.07198   0.03147    0.0113    0.1148        13       640    0.7266    0.1449    0.1207   0.03145   0.06373   0.02165   0.01448
    17/199     3.37G   0.06841   0.03034    0.0119    0.1107        15       640    0.7358    0.2532    0.1904   0.06927   0.05742   0.02669   0.01854
    18/199     3.37G    0.0646   0.03072   0.01098    0.1063        11       640    0.8571    0.2313    0.2468   0.09169   0.05998   0.01998    0.0119
    19/199     3.37G   0.06408   0.02969   0.00989    0.1037        29       640    0.8413    0.2552    0.2908    0.1166   0.05366   0.02022  0.006446
    20/199     3.37G     0.063   0.03031   0.01024    0.1035        22       640    0.8502    0.2623    0.3032    0.1192   0.05148   0.01904  0.007331
    21/199     3.37G   0.06001   0.02945   0.00993   0.09939        16       640    0.7888    0.2883    0.2955   0.09178   0.05735   0.01873   0.00621
    22/199     3.37G   0.05899    0.0291  0.008939   0.09703        11       640    0.9018    0.2971    0.3432    0.1385   0.05129   0.01887  0.005947
    23/199     3.37G   0.05854   0.02743  0.008829   0.09479        14       640    0.8927    0.3028    0.3551    0.1492   0.04932   0.01852  0.006753
    24/199     3.37G    0.0582   0.02816  0.008613   0.09498        15       640    0.9396    0.2887    0.3777    0.1472   0.05017   0.01827   0.00623
    25/199     3.37G   0.05582   0.02872  0.009276   0.09381        10       640    0.8661    0.3157    0.3544    0.1366   0.04821   0.01741  0.005225
    26/199     3.37G   0.05524    0.0283    0.0088   0.09234        15       640    0.9304    0.3263    0.3936     0.174   0.04748   0.01778  0.004841
    27/199     3.37G   0.05537   0.02805  0.008727   0.09214        15       640    0.9365    0.3564    0.4097    0.1809   0.04695   0.01743  0.004888
    28/199     3.37G    0.0551   0.02655   0.00815   0.08981        13       640    0.8809     0.309    0.3602    0.1547   0.04808   0.01751  0.005474
    29/199     3.37G   0.05474    0.0265  0.007971   0.08921        14       640    0.9107    0.3333    0.3966    0.1694   0.04746   0.01685  0.005163
    30/199     3.37G   0.05361   0.02621  0.007669   0.08749        16       640     0.937    0.3513    0.4157    0.2002   0.04557   0.01678   0.00438
    31/199     3.37G   0.05424   0.02631  0.007759   0.08831        11       640    0.9229    0.3351    0.4121    0.1801   0.04585   0.01648  0.004508
    32/199     3.37G   0.05447    0.0271  0.006883   0.08845        21       640     0.952    0.3195    0.4068    0.1935   0.04568   0.01742  0.005529
    33/199     3.37G   0.05285   0.02714  0.007375   0.08736        16       640    0.9447    0.3024    0.3702    0.1669   0.04618   0.01774   0.00569
    34/199     3.37G   0.05185   0.02635  0.007212    0.0854        45       640    0.9313    0.3417    0.4403    0.2024   0.04471   0.01641  0.004691
    35/199     3.37G   0.05183   0.02645  0.007287   0.08557         8       640    0.9554    0.3447     0.416    0.1951   0.04481   0.01644  0.005209
    36/199     3.37G   0.04922   0.02517  0.006601   0.08099        17       640     0.955    0.3676    0.4539    0.2143   0.04408   0.01632  0.003742
    37/199     3.37G   0.05157    0.0265  0.005882   0.08396        16       640    0.9007    0.3222    0.3735    0.1659   0.04582   0.01679  0.004686
    38/199     3.37G    0.0501   0.02534  0.006909   0.08235        22       640    0.9151     0.377    0.4479    0.2126   0.04454   0.01621  0.004032
    39/199     3.37G   0.05012   0.02576  0.006542   0.08242        40       640    0.9121    0.3655    0.4959    0.2189   0.04511   0.01613  0.003941
    40/199     3.37G   0.05041   0.02497  0.006852   0.08223        28       640    0.9448    0.3573    0.5046    0.2086   0.04587   0.01595  0.004097
    41/199     3.37G   0.04935   0.02494  0.006642   0.08093        15       640    0.9547    0.3444    0.4253    0.1832   0.04521   0.01595  0.004164
    42/199     3.37G   0.04931   0.02416  0.007444   0.08092        16       640    0.9222    0.3506    0.4141    0.1962   0.04466   0.01665  0.005163
    43/199     3.37G   0.04902   0.02489  0.006325   0.08023        16       640    0.9647    0.3635     0.441    0.2061   0.04374   0.01624  0.005024
    44/199     3.37G   0.04822   0.02499  0.005936   0.07914        20       640    0.9493    0.3701    0.4752    0.2326   0.04372   0.01575  0.004359
    45/199     3.37G    0.0488   0.02462  0.006663   0.08008        13       640    0.9547    0.3641    0.5134    0.2451   0.04351   0.01588  0.003829
    46/199     3.37G   0.04958   0.02439  0.006091   0.08006        13       640    0.9669    0.3525    0.4917    0.2385   0.04302   0.01552  0.003917
    47/199     3.37G   0.04757   0.02448  0.006239   0.07829        17       640    0.8892    0.3993    0.5304    0.2553    0.0435   0.01642  0.003528
    48/199     3.37G   0.04653   0.02361  0.006108   0.07625         7       640    0.3269    0.5995    0.4893    0.2388   0.04285   0.01548  0.004417
    49/199     3.37G   0.04674   0.02471  0.006428   0.07787        17       640    0.9547    0.3737    0.5263    0.2449   0.04217   0.01562  0.004243
    50/199     3.37G   0.04707   0.02366  0.007184   0.07791        14       640    0.3342    0.6153    0.5208    0.2421   0.04427   0.01595  0.003869
    51/199     3.37G   0.04793   0.02529  0.005683    0.0789        13       640    0.9393    0.3972    0.4815    0.2239   0.04357   0.01531  0.003389
    52/199     3.37G   0.04702   0.02312  0.006455    0.0766        11       640    0.9831    0.3775    0.5097    0.2521   0.04231   0.01573  0.004033
    53/199     3.37G   0.04733   0.02334  0.005561   0.07624        18       640    0.9729    0.3755    0.4906    0.2396   0.04223   0.01526  0.004161
    54/199     3.37G   0.04618   0.02481  0.005865   0.07685        23       640    0.3132    0.6181    0.5294    0.2449   0.04201   0.01512  0.003921
    55/199     3.37G   0.04564   0.02315  0.005683   0.07447        18       640     0.962    0.3545    0.4298    0.1942     0.043   0.01621  0.005019
    56/199     3.37G   0.04612   0.02349  0.005912   0.07552        20       640    0.9615    0.3768    0.4759    0.2299   0.04256    0.0151  0.003806
    57/199     3.37G   0.04731   0.02486  0.005455   0.07763        36       640    0.4167    0.4766    0.4775     0.227   0.04196   0.01515  0.003902
    58/199     3.37G   0.04417   0.02369  0.005482   0.07334        19       640    0.9513    0.3675     0.462    0.2214   0.04267   0.01562  0.005892
    59/199     3.37G   0.04676   0.02361  0.005251   0.07562        14       640    0.8027    0.4699    0.5118     0.241   0.04302   0.01501  0.003527
    60/199     3.37G   0.04675   0.02272  0.005077   0.07455         7       640    0.8499    0.4822    0.5592    0.2802   0.04167   0.01499  0.003264
    61/199     3.37G   0.04642    0.0238  0.004521   0.07474        13       640    0.8362    0.4657     0.514    0.2424    0.0425   0.01487  0.003836
    62/199     3.37G   0.04596   0.02361  0.005102   0.07467        40       640    0.9471    0.3703    0.5055    0.2431   0.04191   0.01511  0.003057
    63/199     3.37G   0.04536   0.02215  0.004753   0.07226        18       640    0.9633    0.3804    0.4534    0.2218   0.04337   0.01514  0.005149
    64/199     3.37G   0.04517   0.02374  0.005004    0.0739        30       640    0.4124    0.4732    0.5039     0.249   0.04239   0.01544  0.003781
    65/199     3.37G   0.04568   0.02311  0.005084   0.07387        18       640    0.9619    0.3943     0.442    0.2166    0.0421   0.01548  0.004649
    66/199     3.37G   0.04472   0.02191   0.00507    0.0717        16       640    0.9778    0.3668    0.4706    0.2327   0.04234   0.01538  0.004012
    67/199     3.37G    0.0443   0.02277  0.005513   0.07259        10       640    0.4347    0.6504    0.5678    0.2671   0.04162   0.01464  0.003038
    68/199     3.37G   0.04498   0.02351  0.004502   0.07299        13       640    0.5659    0.5449    0.5945    0.2719   0.04216   0.01538   0.00368
    69/199     3.37G   0.04395    0.0228  0.004727   0.07147         8       640     0.658    0.4729    0.5251    0.2602   0.04229   0.01518  0.003796
    70/199     3.37G   0.04405   0.02444  0.004364   0.07285        27       640    0.3908     0.552    0.5034    0.2402   0.04156   0.01455  0.003324
    71/199     3.37G   0.04488   0.02265  0.004547   0.07208        10       640    0.5385    0.5286    0.5159     0.251   0.04165   0.01504  0.003758
    72/199     3.37G   0.04412    0.0227  0.004434   0.07125         9       640    0.9571    0.4022    0.4663    0.2375   0.04142    0.0151  0.004438
    73/199     3.37G   0.04347   0.02183   0.00404   0.06935        23       640    0.5965    0.4531    0.5311     0.258   0.04165   0.01501  0.003186
    74/199     3.37G   0.04326   0.02183  0.004671   0.06976        13       640    0.7834    0.4689    0.4867    0.2388   0.04124   0.01476  0.003476
    75/199     3.37G   0.04368   0.02339  0.004407   0.07148        42       640    0.4884    0.5526    0.5525    0.2614   0.04171   0.01482  0.003831
    76/199     3.37G   0.04454    0.0224  0.003942   0.07088        12       640    0.4854    0.4785    0.5414    0.2572   0.04155    0.0147  0.003151
    77/199     3.37G   0.04291   0.02254  0.004338   0.06979        18       640    0.6745    0.4552    0.5493    0.2839   0.04164   0.01495   0.00365
    78/199     3.37G   0.04262   0.02252  0.004825   0.06997         9       640    0.5524    0.5177    0.5037    0.2592    0.0412   0.01478  0.004064
    79/199     3.37G   0.04401   0.02278  0.004265   0.07105        35       640    0.5165     0.543    0.5544     0.292   0.04108   0.01509  0.003522
    80/199     3.37G   0.04255   0.02188  0.004349   0.06878        28       640    0.6925    0.4733    0.5101    0.2678    0.0418    0.0146  0.004581
    81/199     3.37G     0.043   0.02204  0.004114   0.06916        14       640    0.6803    0.5361    0.5308      0.25   0.04137   0.01469   0.00375
    82/199     3.37G   0.04199   0.02233  0.004704   0.06902        16       640     0.542     0.537    0.5222    0.2624     0.041   0.01511  0.003863
    83/199     3.37G   0.04291    0.0221  0.003709   0.06872        22       640    0.6939    0.5273    0.5944     0.299   0.04235   0.01494   0.00352
    84/199     3.37G   0.04303   0.02132  0.004034   0.06839        22       640    0.5431     0.607    0.5392    0.2711   0.04027   0.01498  0.003329
    85/199     3.37G   0.04246   0.02191  0.004891   0.06926         7       640    0.5268    0.4716    0.5003    0.2553   0.04072   0.01459  0.003168
    86/199     3.37G    0.0431   0.02259  0.003897   0.06959        15       640    0.6886    0.5324    0.5842    0.3257   0.04104   0.01425  0.003171
    87/199     3.37G   0.04139   0.02256   0.00402   0.06797         9       640    0.5771    0.5317    0.5512    0.2651   0.04125   0.01453  0.003371
    88/199     3.37G   0.04223   0.02219  0.003157   0.06758        12       640    0.9591    0.4623    0.5367    0.2827    0.0411   0.01451   0.00323
    89/199     3.37G   0.04173   0.02167  0.003737   0.06714        10       640    0.6421      0.54    0.5758     0.298   0.04076   0.01458  0.003688
    90/199     3.37G   0.04144   0.02187  0.003766   0.06707        20       640    0.5498    0.5481    0.6048    0.3146   0.04129   0.01472  0.003325
    91/199     3.37G   0.04206   0.02175  0.003368   0.06718        10       640     0.652    0.4763    0.5691    0.2898   0.04142   0.01467  0.003476
    92/199     3.37G   0.04187   0.02114  0.003409   0.06642         8       640    0.6732     0.539    0.5797    0.2975   0.04143    0.0148  0.003555
    93/199     3.37G   0.04241   0.02268  0.003598   0.06868        51       640    0.6921    0.4725     0.585    0.3046   0.04119   0.01451  0.003008
    94/199     3.37G   0.04193    0.0232  0.003474    0.0686        37       640    0.7167    0.4525    0.5457    0.2701   0.04095   0.01456  0.003207
    95/199     3.37G   0.04192   0.02132  0.003509   0.06676         9       640    0.9569    0.4603    0.5213    0.2692   0.04082   0.01443  0.004268
    96/199     3.37G   0.04075   0.02201  0.003427   0.06618        17       640    0.7021     0.474    0.5361    0.2801   0.04071   0.01443  0.003168
    97/199     3.37G   0.04045   0.02106   0.00303   0.06454        15       640    0.6507    0.6126     0.583    0.3013   0.04087   0.01454  0.003259
    98/199     3.37G   0.04101   0.02103  0.003654   0.06569         6       640    0.9443    0.4745    0.5383    0.2761   0.04121   0.01498  0.003226
    99/199     3.37G    0.0411   0.02302  0.003137   0.06725        20       640    0.5409    0.5298    0.5267    0.2654   0.04091   0.01472  0.003634
   100/199     3.37G   0.04058    0.0211   0.00331   0.06499         8       640    0.9535    0.4723    0.5164    0.2577   0.04082   0.01442  0.003413
   101/199     3.37G   0.04058   0.02105   0.00326    0.0649         9       640    0.8935     0.482    0.5143    0.2612   0.04043   0.01461  0.003255
   102/199     3.37G   0.04171   0.02219  0.003252   0.06715        15       640    0.9554    0.4831    0.5414    0.2657   0.03973   0.01457  0.003003
   103/199     3.37G   0.03972   0.02149  0.002964   0.06418        29       640     0.958    0.4699    0.5144    0.2685   0.04088   0.01465  0.003641
   104/199     3.37G   0.04086   0.02137  0.003062   0.06529        27       640    0.5939     0.447    0.4803    0.2386    0.0405    0.0144  0.004304
   105/199     3.37G    0.0403   0.02151  0.003219   0.06503        15       640    0.6251    0.4861    0.5143    0.2633   0.04054   0.01486  0.003401
   106/199     3.37G   0.03961   0.02019  0.003282   0.06308         7       640    0.7948    0.5317    0.5861    0.2848   0.04022   0.01435  0.003189
   107/199     3.37G   0.03991   0.02074  0.002964   0.06362        26       640    0.9636    0.4629    0.5107    0.2629   0.04015   0.01501  0.003942
   108/199     3.37G   0.04043    0.0213  0.002816   0.06454        11       640    0.7139    0.4744    0.5143    0.2642   0.04041   0.01462  0.003535
   109/199     3.37G    0.0395   0.02182  0.002926   0.06425        22       640     0.925    0.4602    0.5233    0.2614   0.04022   0.01473  0.003567
   110/199     3.37G   0.03929   0.02072  0.002963   0.06297        10       640    0.9705    0.4592    0.5018    0.2564   0.04095   0.01492  0.003702
   111/199     3.37G   0.03948   0.02002   0.00268   0.06219        15       640    0.9765    0.4362    0.5114    0.2582    0.0408   0.01502  0.003677
   112/199     3.37G   0.03932   0.02092  0.003027   0.06327         4       640    0.9651    0.4545     0.515    0.2711   0.04075   0.01478  0.004059
   113/199     3.37G   0.03986   0.02053  0.002985   0.06338        13       640    0.8491    0.4505    0.5015    0.2534   0.04016   0.01518  0.003909
   114/199     3.37G   0.03872   0.02085   0.00282   0.06239         8       640    0.9577    0.4546    0.5693    0.2845    0.0402   0.01504  0.003422
   115/199     3.37G   0.03955   0.02044  0.003118    0.0631        28       640     0.952    0.4799    0.5267    0.2815   0.04004    0.0145  0.003239
   116/199     3.37G   0.04023    0.0207  0.002944   0.06386        34       640    0.5084    0.5457    0.5079     0.261   0.04046   0.01443  0.003681
   117/199     3.37G   0.03899   0.02098  0.002579   0.06254        17       640    0.9464    0.4753    0.5338    0.2707   0.04069   0.01472  0.003252
   118/199     3.37G   0.03929   0.02043    0.0027   0.06242        13       640    0.9716    0.4523     0.547    0.2737   0.04066   0.01471  0.003174
   119/199     3.37G   0.03858    0.0203  0.002819   0.06169        22       640    0.9131    0.4603    0.5174    0.2664      0.04   0.01466  0.004217
   120/199     3.37G   0.03969   0.02095   0.00277   0.06342        17       640      0.95    0.4238    0.5213    0.2741   0.03982   0.01471  0.003515
   121/199     3.37G    0.0379   0.02027  0.002734    0.0609        10       640     0.722    0.4621    0.5278    0.2728   0.04076   0.01464  0.003575
   122/199     3.37G   0.03876   0.02117  0.002868    0.0628        17       640    0.9625    0.4681    0.5533    0.2953   0.04088    0.0147  0.003494
   123/199     3.37G   0.03896   0.02031  0.002396   0.06166        16       640    0.9711    0.4662    0.5462    0.2837   0.04078   0.01461  0.003565
   124/199     3.37G   0.03862   0.02137  0.002582   0.06258        17       640     0.966    0.4677    0.5448    0.2795   0.04055   0.01476  0.003164
   125/199     3.37G   0.03846    0.0205  0.002734    0.0617         9       640    0.8372    0.4741    0.5355    0.2609   0.03967   0.01443  0.003516
   126/199     3.37G   0.03739   0.02041   0.00293   0.06073        17       640    0.9726    0.4665    0.5341    0.2667   0.03958   0.01463  0.003155
   127/199     3.37G   0.03773   0.01981  0.002616   0.06016        11       640    0.9702    0.4704    0.5538    0.2893   0.03986   0.01465  0.003491
   128/199     3.37G   0.03865    0.0205  0.003241    0.0624        19       640    0.9725    0.4543    0.5339    0.2869   0.03971   0.01455  0.003288
   129/199     3.37G   0.03783   0.02034  0.002548   0.06072        11       640    0.9759     0.448    0.5405    0.2798   0.03971   0.01459  0.003613
   130/199     3.37G   0.03691   0.01985  0.002623   0.05939        13       640    0.9719    0.4665    0.5282    0.2743    0.0401    0.0148  0.003374
   131/199     3.37G   0.03692   0.02019  0.002352   0.05947        27       640    0.8448    0.4552    0.5186    0.2637   0.04023   0.01477  0.003744
   132/199     3.37G   0.03784   0.01977  0.002142   0.05975        20       640    0.7438    0.5311    0.5764    0.3027   0.03974   0.01464    0.0036
   133/199     3.37G    0.0385   0.01999  0.002726   0.06122        13       640    0.6717    0.5329    0.5263    0.2603    0.0397   0.01434  0.003572
   134/199     3.37G   0.03864   0.01991  0.002392   0.06095        20       640    0.9061    0.4877    0.5354     0.273   0.03979   0.01445  0.003518
   135/199     3.37G   0.03687   0.02022   0.00248   0.05957        18       640    0.7182    0.4678    0.5651    0.2821   0.03974   0.01448  0.003469
   136/199     3.37G   0.03731   0.02028  0.002109    0.0597        20       640    0.7846    0.5465    0.6059    0.2814   0.03988   0.01455  0.003547
   137/199     3.37G    0.0366   0.01937   0.00318   0.05915        10       640    0.7445    0.5332    0.5829    0.2903    0.0403   0.01479  0.003604
   138/199     3.37G   0.03811   0.02101  0.002611   0.06173         9       640    0.7789    0.5396    0.5603     0.262    0.0401   0.01493  0.003966
   139/199     3.37G   0.03762   0.02059  0.002496    0.0607         5       640     0.611    0.5411    0.5463    0.2752   0.03959   0.01444   0.00379
   140/199     3.37G   0.03779   0.01958  0.002425    0.0598        14       640    0.9498    0.4687    0.5669    0.2888   0.04001   0.01471  0.003417
   141/199     3.37G   0.03724   0.02018   0.00244   0.05986        18       640     0.975    0.4647    0.5584    0.2787   0.03946   0.01467    0.0034
   142/199     3.37G   0.03682   0.01948  0.002497    0.0588        19       640    0.6876    0.5533    0.5945    0.2844   0.04027   0.01454  0.003661
   143/199     3.37G   0.03758   0.02016  0.002383   0.06012        25       640    0.5307    0.5582      0.55    0.2641   0.04027   0.01441  0.003506
   144/199     3.37G   0.03759   0.02039  0.002458   0.06044        24       640    0.5421    0.6018    0.5662    0.2758   0.03985   0.01458  0.003969
   145/199     3.37G   0.03789   0.01974  0.002416   0.06004        11       640    0.5761    0.5972    0.5769    0.2922   0.03981   0.01456  0.003519
   146/199     3.37G   0.03626   0.01906  0.002496   0.05782         8       640    0.7006    0.5443    0.6135    0.3073    0.0401    0.0151  0.003332
   147/199     3.37G   0.03626   0.01955  0.002265   0.05808        24       640    0.9707    0.4586    0.5436    0.2507   0.04023   0.01496  0.003703
   148/199     3.37G   0.03834   0.02015  0.002461   0.06096        39       640    0.4848    0.5971    0.5061    0.2587    0.0398   0.01487   0.00335
   149/199     3.37G   0.03541   0.01908  0.002534   0.05702        16       640    0.7999    0.5416    0.5624     0.251   0.04034   0.01483  0.003337
   150/199     3.37G   0.03726   0.01965   0.00246   0.05937        23       640    0.7229    0.4582    0.5344    0.2656   0.04017   0.01469  0.003856
   151/199     3.37G   0.03666   0.01984  0.002306    0.0588        12       640    0.7158    0.4674    0.5482    0.2828    0.0393   0.01471  0.003679
   152/199     3.37G     0.036   0.01994  0.002143   0.05809        22       640     0.881    0.4582    0.5216    0.2632   0.03923   0.01452  0.003595
   153/199     3.37G   0.03637   0.01971  0.002369   0.05844        16       640    0.9763    0.4069    0.5163    0.2574   0.03963   0.01462  0.004051
   154/199     3.37G   0.03632   0.02011  0.002302   0.05873        13       640    0.7027    0.5438    0.6006     0.291   0.03946   0.01474  0.003339
   155/199     3.37G   0.03537   0.01902  0.002128   0.05652        19       640    0.6614    0.5477    0.5871    0.2802   0.03962   0.01511   0.00314
   156/199     3.37G   0.03583   0.01937  0.002171   0.05737        31       640    0.5279     0.595    0.5566    0.2774   0.03974   0.01467  0.003314
   157/199     3.37G   0.03675   0.02077   0.00193   0.05945       109       640    0.9722    0.4591    0.5408    0.2686   0.03938   0.01504  0.003791
   158/199     3.37G   0.03565   0.01954  0.002115    0.0573        24       640    0.5022    0.5975    0.5467    0.2723   0.03969   0.01518  0.003889
   159/199     3.37G    0.0359   0.01891  0.002026   0.05684        26       640    0.9655    0.4667    0.5597    0.2824    0.0399   0.01509  0.003243
   160/199     3.37G   0.03689   0.01993  0.001923   0.05874        17       640    0.9536     0.467    0.5644    0.2738   0.03962   0.01546  0.003316
   161/199     3.37G   0.03497   0.01953  0.002073   0.05658        20       640    0.9384    0.4564     0.545    0.2721   0.04002   0.01504  0.003595
   162/199     3.37G   0.03509   0.01973  0.002119   0.05694        17       640    0.5003    0.6136    0.5651    0.2762   0.03993   0.01486   0.00324
   163/199     3.37G   0.03589   0.01934  0.002055   0.05729        39       640    0.5285    0.5386    0.5428    0.2705   0.03988   0.01481  0.003357
   164/199     3.37G   0.03509   0.01957     0.002   0.05665        20       640    0.5546    0.5456     0.552    0.2692    0.0398   0.01507  0.003299
   165/199     3.37G   0.03698   0.01945  0.002379   0.05881        14       640    0.9631    0.4673    0.5508    0.2705   0.03977   0.01495  0.003332
   166/199     3.37G   0.03517   0.01838  0.001981   0.05553        21       640    0.9238    0.4517    0.5632    0.2748   0.03923   0.01466  0.003568
   167/199     3.37G   0.03593   0.01939  0.001798   0.05712        15       640    0.5005    0.5957    0.5618    0.2784   0.03911   0.01478  0.003422
   168/199     3.37G   0.03492    0.0194  0.001988    0.0563        20       640    0.9655    0.4641    0.5277    0.2572   0.03993   0.01474  0.003413
   169/199     3.37G   0.03551   0.01857  0.002008   0.05609         9       640    0.9614    0.4586    0.5561    0.2887   0.03955    0.0147  0.003213
   170/199     3.37G   0.03471   0.01792  0.002218   0.05485        10       640    0.6983    0.5298    0.5852    0.2842   0.03968   0.01491  0.003274
   171/199     3.37G   0.03522   0.01863  0.002159   0.05601        23       640    0.9576    0.4674    0.5397    0.2734   0.03919   0.01497  0.003577
   172/199     3.37G   0.03592   0.01972  0.002062    0.0577        15       640    0.6444     0.541    0.5548    0.2852   0.03966   0.01446  0.003278
   173/199     3.37G   0.03455    0.0185  0.002022   0.05508        23       640    0.4802    0.6136    0.5541    0.2764   0.03953   0.01469  0.003568
   174/199     3.37G   0.03491    0.0196  0.002058   0.05656        16       640    0.9328    0.4646    0.5587    0.2877   0.03937   0.01459  0.003439
   175/199     3.37G   0.03495   0.01938  0.001873   0.05621        14       640    0.6835    0.5694    0.5902    0.2961   0.03984   0.01491   0.00317
   176/199     3.37G   0.03408   0.01896  0.001633   0.05467        11       640    0.9496    0.5178     0.615    0.2933   0.03965    0.0149  0.003133
   177/199     3.37G   0.03491   0.01874  0.001622   0.05527        17       640    0.5795    0.5955    0.5617    0.2732    0.0397   0.01497  0.003356
   178/199     3.37G   0.03526   0.01859  0.001835   0.05568        13       640     0.975    0.4594    0.5464    0.2818   0.03934   0.01471  0.003295
   179/199     3.37G   0.03592   0.01952  0.002002   0.05744        25       640    0.9329    0.5276    0.6226    0.2838   0.03937   0.01487  0.003229
   180/199     3.37G   0.03534   0.01909  0.001964   0.05639        14       640     0.911    0.5152    0.6028    0.2903   0.03924   0.01465   0.00323
   181/199     3.37G   0.03561   0.01944  0.001656    0.0567        12       640    0.6977    0.6054    0.5812    0.2837   0.03943   0.01487  0.003535
   182/199     3.37G   0.03563    0.0197  0.001825   0.05715        11       640    0.9059    0.5251    0.5777    0.2919   0.03947    0.0153   0.00381
   183/199     3.37G   0.03508   0.01843  0.001804   0.05532        10       640    0.6397    0.6081    0.5641    0.2936    0.0401   0.01507  0.003714
   184/199     3.37G    0.0336   0.01773  0.001939   0.05326         7       640    0.7272    0.5265    0.5554    0.2663   0.03976   0.01479  0.004163
   185/199     3.37G    0.0337   0.01826  0.001636    0.0536        11       640    0.7493    0.5308    0.5766    0.2819   0.03928    0.0149  0.004093
   186/199     3.37G   0.03344   0.01815  0.001691   0.05328        10       640    0.5981    0.5949    0.5594    0.2756   0.03956   0.01489  0.003825
   187/199     3.37G   0.03467   0.01917  0.001888   0.05573        15       640    0.7807      0.53    0.5644    0.2824   0.03952   0.01472   0.00379
   188/199     3.37G   0.03514   0.01998  0.001747   0.05687         8       640    0.5983    0.5392    0.5485    0.2732   0.03964   0.01504  0.003434
   189/199     3.37G   0.03405   0.01828  0.001874   0.05421        19       640    0.4801    0.6152    0.5597    0.2753   0.03914   0.01472  0.003499
   190/199     3.37G   0.03528   0.01879   0.00168   0.05576        12       640    0.7903    0.6138    0.6148    0.3106   0.03924   0.01476  0.003141
   191/199     3.37G   0.03513   0.01881  0.001722   0.05566        28       640    0.6554    0.6081    0.5767    0.2672   0.03953   0.01493   0.00347
   192/199     3.37G   0.03535   0.01859  0.001664    0.0556        53       640    0.6646    0.4724    0.5395    0.2731   0.03949   0.01531  0.003704
   193/199     3.37G    0.0337   0.01818  0.001575   0.05345        13       640    0.5423    0.5452    0.5391    0.2708   0.03957   0.01508  0.003293
   194/199     3.37G   0.03417   0.01864  0.001815   0.05463        20       640    0.5384    0.5547    0.5478    0.2668   0.03981   0.01495  0.003154
   195/199     3.37G   0.03495   0.01947  0.001667   0.05609        17       640    0.8057    0.6064    0.6345    0.3025   0.03952   0.01491  0.003255
   196/199     3.37G   0.03433   0.01912  0.001782   0.05523        19       640    0.9414    0.5084    0.5988     0.295   0.03959   0.01498  0.003312
   197/199     3.37G   0.03443   0.01969  0.001732   0.05586        33       640    0.9469    0.5285    0.6093    0.2998    0.0393   0.01514  0.003123
   198/199     3.37G   0.03402   0.01827  0.001793   0.05408        17       640    0.9215    0.5171    0.6012    0.2693   0.03978   0.01486  0.003412
   199/199     3.37G   0.03412    0.0191  0.001409   0.05463        15       640    0.7531    0.5353     0.568    0.2729   0.03946   0.01496  0.003429
