      0/99     1.99G     0.102   0.04169   0.02617    0.1698        61       640    0.5024   0.06131 0.0005019 7.607e-05   0.09431   0.03091   0.02399
      1/99     3.16G    0.0968      0.04   0.02339    0.1602        57       640   0.02662   0.09713  0.001332  0.000417   0.09136   0.03049   0.02208
      2/99     3.16G   0.09418   0.04317    0.0214    0.1588        43       640   0.02002    0.0218  0.005854  0.001057   0.08664   0.03145   0.02021
      3/99     3.16G    0.0886   0.04544   0.01995     0.154        40       640   0.04054   0.08719    0.0213  0.004352    0.0775   0.03285   0.01817
      4/99     3.16G    0.0822   0.04315   0.01883    0.1442        85       640    0.1035   0.09401   0.04928  0.009496   0.07343   0.02894   0.01558
      5/99     3.16G   0.07681   0.03628   0.01782    0.1309        82       640    0.1317    0.2481    0.1172   0.03238   0.07105    0.0255   0.01653
      6/99     3.16G   0.07468   0.03423    0.0159    0.1248        36       640    0.2902    0.3455    0.2409   0.07554   0.06641   0.02256   0.01461
      7/99     3.16G   0.07189   0.03245   0.01487    0.1192        35       640    0.3905    0.3675    0.3023   0.07865   0.06284    0.0222   0.01391
      8/99     3.16G   0.07104   0.03155   0.01176    0.1143        49       640     0.322    0.4123    0.2668   0.06458   0.06206   0.02224   0.01105
      9/99     3.16G   0.07142   0.02924  0.008939    0.1096        39       640    0.4296    0.4798    0.3777     0.105   0.06143   0.02203  0.007956
     10/99     3.16G    0.0714   0.03048  0.007486    0.1094        41       640    0.3851    0.5716    0.3701    0.1117   0.05892   0.02056  0.006373
     11/99     3.16G   0.06907   0.02997  0.006479    0.1055        52       640    0.4163    0.5658    0.4299    0.1062    0.0569   0.01898  0.005562
     12/99     3.16G   0.06556   0.02968  0.005596    0.1008        52       640    0.4002    0.4991    0.3233    0.1071    0.0613   0.01866  0.007913
     13/99     3.16G   0.06599   0.02859  0.004838   0.09942        54       640    0.5624    0.5732    0.4996    0.1685   0.06089   0.01821  0.007514
     14/99     3.16G   0.06424   0.02995  0.005114   0.09931        65       640    0.7281    0.5952    0.6467    0.2446   0.05235   0.01936  0.004367
     15/99     3.16G   0.06462   0.02803   0.00413   0.09678        44       640    0.8099    0.5201     0.638    0.2224   0.05587   0.01832  0.003654
     16/99     3.16G   0.06662   0.02816  0.004302   0.09909        31       640    0.5949    0.4764    0.5246    0.1901   0.05412   0.01796  0.004405
     17/99     3.16G   0.05969   0.02833  0.004123   0.09215        54       640    0.6861     0.653    0.6878    0.2805   0.05246   0.01741  0.002921
     18/99     3.16G   0.06137   0.02723  0.003636   0.09225        39       640    0.5871    0.6241    0.5659    0.2119   0.05123   0.01768  0.004168
     19/99     3.16G   0.05677   0.02712  0.003971   0.08786        61       640    0.7446    0.5677    0.6475    0.2382   0.05309   0.01721  0.003486
     20/99     3.16G   0.05652   0.02741  0.004054   0.08799        47       640    0.7968    0.6916    0.7442    0.3008   0.04826   0.01676  0.002248
     21/99     3.16G   0.05466   0.02616  0.003195   0.08402        56       640    0.8845    0.6524    0.8023    0.3472   0.04771   0.01641  0.001939
     22/99     3.16G    0.0554    0.0258  0.003013   0.08421        50       640    0.9169    0.7174    0.8096    0.3823   0.04713   0.01635  0.003521
     23/99     3.16G   0.05345   0.02608  0.003073   0.08261        42       640     0.865    0.7505    0.8301    0.3829   0.04557   0.01587  0.001797
     24/99     3.16G   0.05073   0.02577  0.002674   0.07917        42       640    0.8153    0.6283     0.735    0.2872    0.0458   0.01573  0.002138
     25/99     3.16G   0.05065    0.0251  0.002321   0.07807        25       640    0.9418    0.7008    0.8159    0.3699   0.04446   0.01533  0.001833
     26/99     3.16G   0.05029    0.0245  0.002462   0.07726        38       640    0.8758    0.7359    0.8292    0.3501   0.04579   0.01526  0.002759
     27/99     3.16G   0.04867   0.02451  0.002164   0.07534       101       640    0.8942    0.8164    0.8553    0.4347   0.04262   0.01517  0.003271
     28/99     3.16G   0.05002   0.02421  0.002545   0.07677        35       640    0.9295     0.758    0.8452    0.4203   0.04226   0.01516  0.002386
     29/99     3.16G   0.04848   0.02394  0.001916   0.07434        30       640    0.8795    0.7538    0.8221    0.3604   0.04474   0.01536  0.002204
     30/99     3.16G   0.04842   0.02326  0.002186   0.07387        39       640    0.9479    0.7311    0.8349    0.3989   0.04265   0.01496  0.001288
     31/99     3.16G   0.04726   0.02348  0.001914   0.07266        58       640    0.9397    0.7989     0.879    0.4186   0.04258   0.01471  0.001332
     32/99     3.16G   0.04762    0.0243   0.00185   0.07377        48       640    0.9444    0.7752    0.8752    0.4185   0.04196   0.01461  0.001621
     33/99     3.16G   0.04669   0.02309   0.00189   0.07166        52       640    0.9623    0.7699    0.8696     0.414   0.04217   0.01484  0.001655
     34/99     3.16G   0.04678   0.02442  0.001827   0.07303        69       640    0.9231    0.8308    0.8843    0.4498   0.04112   0.01462  0.001874
     35/99     3.16G   0.04549   0.02227  0.001864   0.06962        52       640    0.9488    0.8095    0.8741    0.4306   0.04204    0.0145  0.001308
     36/99     3.16G   0.04572   0.02304  0.001817   0.07058        47       640    0.9294    0.7718    0.8787    0.4353   0.04098   0.01459  0.001429
     37/99     3.16G   0.04463   0.02229  0.001722   0.06864        53       640    0.9609    0.8016    0.8913    0.4314   0.04118   0.01464  0.001619
     38/99     3.16G   0.04464   0.02255  0.001853   0.06904        54       640     0.937    0.7928    0.8754    0.4363   0.04235   0.01471  0.001382
     39/99     3.16G   0.04593   0.02275  0.001635   0.07032        62       640    0.9261    0.8396    0.8947    0.4352   0.04125    0.0144  0.001309
     40/99     3.16G   0.04461   0.02285  0.001452   0.06892        89       640    0.9373    0.7987    0.8704    0.4307   0.04132   0.01411  0.001232
     41/99     3.16G   0.04332   0.02251  0.001372    0.0672        41       640    0.9588    0.8414    0.8885    0.4574   0.04041   0.01427  0.001032
     42/99     3.16G   0.04494   0.02363  0.001627   0.07019        47       640    0.9574    0.8374    0.8936    0.4463   0.04088   0.01421 0.0008159
     43/99     3.16G   0.04294   0.02181  0.001324   0.06608        48       640    0.9304    0.8601    0.8963    0.4323   0.04041   0.01426 0.0006375
     44/99     3.16G   0.04207   0.02183  0.001432   0.06534        46       640    0.9382    0.8163     0.874    0.4491   0.04053   0.01449  0.001281
     45/99     3.16G   0.04405   0.02231  0.001207   0.06757        45       640    0.9479    0.8479    0.8914    0.4681   0.04019   0.01409 0.0007733
     46/99     3.16G   0.04269   0.02202  0.001626   0.06633        48       640    0.9471    0.8066    0.8887    0.4621   0.04023   0.01446  0.000937
     47/99     3.16G   0.04391   0.02108  0.001275   0.06627       111       640    0.9657    0.8013    0.8792    0.4348   0.04022   0.01425 0.0008593
     48/99     3.16G   0.04086   0.02076  0.001218   0.06283        33       640    0.9458    0.8326     0.889    0.4598   0.03986   0.01414 0.0006364
     49/99     3.16G   0.04089     0.021  0.001162   0.06305        43       640    0.9588    0.8439    0.8857    0.4547   0.03973   0.01408  0.000858
     50/99     3.16G   0.04249   0.02207  0.001253   0.06581        46       640    0.9265    0.8488    0.8837     0.463   0.03979   0.01432  0.001441
     51/99     3.16G   0.04122   0.02086  0.001249   0.06333        40       640    0.9649    0.8525    0.8949    0.4474   0.03985   0.01411 0.0005778
     52/99     3.16G   0.04058   0.02205  0.001004   0.06363        68       640    0.9492    0.8235    0.8824    0.4575   0.03959   0.01405 0.0007852
     53/99     3.16G   0.04108   0.02105   0.00104   0.06318        31       640    0.9318    0.8523    0.8787    0.4406    0.0403   0.01408 0.0004817
     54/99     3.16G   0.04008   0.02028  0.001026   0.06139        60       640    0.9508    0.8521    0.8925     0.466   0.03952    0.0141 0.0005211
     55/99     3.16G   0.03967   0.02009 0.0009332   0.06069        48       640    0.9658    0.8378    0.9038    0.4736    0.0395   0.01396 0.0004694
     56/99     3.16G   0.04064   0.02252 0.0008722   0.06404        45       640     0.944    0.8548    0.8986    0.4784   0.03923   0.01389  0.000498
     57/99     3.16G   0.04058   0.02116 0.0008229   0.06256        58       640    0.9586    0.8389    0.9063    0.4624   0.03934   0.01391 0.0005346
     58/99     3.16G   0.03989   0.02037  0.001024   0.06128        37       640    0.9317    0.8307    0.8922    0.4567   0.03987   0.01414 0.0007319
     59/99     3.16G    0.0405   0.02125  0.001056   0.06281        46       640    0.9555    0.8444    0.9065    0.4688   0.03949   0.01403 0.0007811
     60/99     3.16G    0.0398   0.02061  0.001083   0.06149        63       640    0.9694    0.8531    0.8961    0.4768   0.03924     0.014 0.0006699
     61/99     3.16G   0.03896   0.02021  0.001225   0.06039        42       640     0.949     0.848     0.898    0.4685   0.03903   0.01405    0.0011
     62/99     3.16G   0.03979   0.02167 0.0008908   0.06235        40       640    0.9358    0.8227    0.8792    0.4601   0.03978   0.01429  0.001453
     63/99     3.16G    0.0387   0.02029 0.0009738   0.05996        38       640    0.9603    0.8433    0.8905     0.471   0.04001   0.01428  0.000801
     64/99     3.16G   0.03861   0.01969 0.0009331   0.05923        49       640    0.9565    0.8382    0.8904    0.4626   0.03951   0.01414 0.0008533
     65/99     3.16G   0.03803   0.01995 0.0007386   0.05872        31       640    0.9408    0.8679    0.8991    0.4677   0.03922   0.01414  0.000529
     66/99     3.16G   0.03802   0.02008  0.000959   0.05906        50       640     0.938    0.8753    0.9002     0.464   0.03912   0.01404 0.0005939
     67/99     3.16G   0.03828   0.02067 0.0007773   0.05973        41       640    0.9531    0.8483    0.8895    0.4586   0.03952   0.01404 0.0004818
     68/99     3.16G   0.03827   0.02033   0.00106   0.05967        45       640    0.9444    0.8584    0.9037    0.4562   0.03928   0.01398 0.0006574
     69/99     3.16G   0.03738   0.01973 0.0009011     0.058        38       640    0.9482    0.8724     0.901    0.4712    0.0393   0.01377 0.0003814
     70/99     3.16G   0.03788   0.02061 0.0009244   0.05942        38       640    0.9561    0.8538    0.8994    0.4767    0.0393   0.01398 0.0006238
     71/99     3.16G   0.03742   0.02099  0.001044   0.05945        81       640     0.956    0.8376    0.8997    0.4609   0.03923    0.0139 0.0003693
     72/99     3.16G   0.03734   0.01999 0.0007878   0.05811        70       640    0.9513    0.8722    0.9039    0.4734   0.03902   0.01387 0.0003798
     73/99     3.16G   0.03704   0.01985 0.0008669   0.05776        85       640    0.9485    0.8732    0.9089     0.465   0.03934   0.01393 0.0003775
     74/99     3.16G    0.0372   0.01955 0.0008685   0.05762        37       640    0.9624    0.8609    0.9078    0.4675   0.03909   0.01401 0.0004652
     75/99     3.16G     0.037   0.02002 0.0007898    0.0578        88       640    0.9471    0.8218    0.8864    0.4718   0.03889   0.01381 0.0007759
     76/99     3.16G   0.03747   0.02015 0.0008111   0.05842        42       640    0.9619    0.8489    0.9062    0.4728   0.03905   0.01386 0.0006203
     77/99     3.16G    0.0367   0.02057 0.0009027   0.05818        85       640    0.9343    0.8399    0.8901    0.4718   0.03909   0.01408 0.0007924
     78/99     3.16G    0.0364   0.02025 0.0009051   0.05755        34       640    0.9442    0.8477    0.8961    0.4702   0.03911   0.01399  0.001039
     79/99     3.16G    0.0368   0.01931 0.0007153   0.05682        15       640     0.968    0.8693    0.9081    0.4751   0.03954   0.01402  0.000559
     80/99     3.16G    0.0367   0.02024  0.000734   0.05768        58       640    0.9559     0.866    0.9057    0.4704   0.03928   0.01377  0.000565
     81/99     3.16G   0.03668    0.0202  0.000817    0.0577        80       640    0.9519    0.8589    0.8987    0.4688   0.03947   0.01382 0.0009367
     82/99     3.16G   0.03652   0.01984 0.0005454    0.0569        47       640    0.9545    0.8507    0.8944    0.4734   0.03931   0.01396 0.0004279
     83/99     3.16G   0.03612    0.0192 0.0007883    0.0561        62       640    0.9518    0.8502     0.906    0.4717   0.03917   0.01394 0.0003771
     84/99     3.16G   0.03498   0.01946 0.0007812   0.05523        46       640     0.938    0.8643    0.9083    0.4744   0.03899   0.01392 0.0004657
     85/99     3.16G   0.03561   0.01917  0.000644   0.05542        68       640    0.9597    0.8621    0.9071    0.4688    0.0391    0.0139 0.0003426
     86/99     3.16G   0.03592   0.01888 0.0007973    0.0556        37       640      0.96    0.8597    0.8993    0.4652   0.03929   0.01405  0.000303
     87/99     3.16G   0.03651   0.01864 0.0008163   0.05597        56       640     0.971     0.848    0.9015    0.4738   0.03946   0.01417  0.000306
     88/99     3.16G   0.03534   0.01949 0.0009105   0.05574        54       640    0.9466    0.8596    0.9044    0.4785   0.03902     0.014 0.0003658
     89/99     3.16G   0.03676   0.01998 0.0007175   0.05746        75       640    0.9479    0.8506    0.8985    0.4753   0.03949    0.0139 0.0004968
     90/99     3.16G    0.0354   0.01813 0.0006276   0.05416        46       640    0.9383    0.8743    0.9059    0.4858   0.03892   0.01386 0.0003153
     91/99     3.16G   0.03521   0.01874 0.0005477    0.0545        53       640     0.957    0.8677    0.8984    0.4805   0.03893   0.01399 0.0002821
     92/99     3.16G   0.03511    0.0189 0.0007955    0.0548        35       640    0.9482    0.8648    0.8962    0.4741   0.03919   0.01405 0.0004517
     93/99     3.16G   0.03465   0.01927 0.0006856   0.05461        64       640    0.9506     0.856    0.9049    0.4805   0.03892   0.01411 0.0003943
     94/99     3.16G   0.03483   0.01845 0.0006614   0.05394        31       640    0.9399    0.8545    0.9043    0.4729   0.03916   0.01398 0.0004894
     95/99     3.16G   0.03493   0.01938 0.0006005   0.05492        66       640    0.9411    0.8569    0.8962    0.4675   0.03895   0.01402 0.0002912
     96/99     3.16G   0.03552   0.01957 0.0006868   0.05578        50       640    0.9378    0.8505    0.8977     0.484   0.03909   0.01396 0.0004251
     97/99     3.16G   0.03496   0.01812 0.0006002   0.05368        56       640    0.9528     0.866    0.9062     0.489   0.03914   0.01388 0.0002825
     98/99     3.16G   0.03361   0.01884 0.0007361   0.05319        57       640    0.9487    0.8637    0.8964    0.4789   0.03947   0.01403 0.0004539
     99/99     3.16G   0.03669   0.01971 0.0007538   0.05715        75       640    0.9475    0.8847    0.9062     0.486   0.03898   0.01385 0.0003103
