     0/199     2.14G    0.1149   0.03739   0.02878     0.181        63       640  0.004325   0.02171  0.001422 0.0002312     0.102   0.02787   0.02549
     1/199      3.1G   0.09813   0.03923   0.02312    0.1605        87       640    0.0462    0.1207   0.01896   0.00404    0.0833   0.03014   0.02004
     2/199      3.1G   0.08278   0.04156   0.01948    0.1438        37       640    0.1606    0.2619    0.1152   0.03061   0.07313    0.0257   0.01805
     3/199      3.1G   0.07404   0.03499   0.01632    0.1254        54       640    0.2168     0.349    0.1921   0.04653   0.06539   0.02209   0.01521
     4/199      3.1G    0.0704   0.03194   0.01403    0.1164        72       640    0.3909    0.4026    0.3245   0.08902    0.0608   0.02016   0.01283
     5/199      3.1G   0.06724   0.02965   0.01117    0.1081        62       640    0.4191    0.5812    0.4573    0.1471    0.0573   0.01862  0.008315
     6/199      3.1G    0.0644   0.02885  0.008593    0.1018        64       640    0.5019     0.505    0.4746    0.1616   0.06041   0.01723  0.008563
     7/199      3.1G   0.06242   0.02777   0.00701    0.0972        41       640    0.6112    0.5609    0.5475    0.1989   0.05248    0.0179  0.007345
     8/199      3.1G   0.05966    0.0262  0.006629   0.09249        71       640    0.6135    0.6389    0.5802    0.2108    0.0488   0.01729   0.00641
     9/199      3.1G   0.06033   0.02631  0.006471   0.09311        43       640    0.6649    0.5574    0.6178    0.2211   0.05009   0.01639   0.01197
    10/199      3.1G   0.05877   0.02681  0.005749   0.09133        56       640    0.8171    0.7244    0.8075    0.3243   0.04801   0.01507   0.00547
    11/199      3.1G   0.05704   0.02405  0.004555   0.08564        37       640    0.7047    0.7937    0.7665    0.3076   0.04662   0.01494  0.004022
    12/199      3.1G   0.05482   0.02495  0.004473   0.08424        55       640     0.751    0.8145    0.8158    0.3354   0.04951   0.01505  0.004033
    13/199      3.1G   0.05468   0.02282  0.004252   0.08175        54       640    0.7868     0.688    0.7676     0.309   0.04814   0.01557  0.006364
    14/199      3.1G   0.05084   0.02415  0.003892   0.07888        80       640    0.9057    0.7747    0.8642    0.3998    0.0428   0.01518  0.003966
    15/199      3.1G   0.05565   0.02495  0.004667   0.08527        46       640    0.7574    0.7432    0.7448    0.2883   0.04991   0.01527  0.005515
    16/199      3.1G   0.05615   0.02289  0.004051   0.08309        54       640    0.8854    0.7973    0.8572    0.3561   0.04389   0.01564  0.003233
    17/199      3.1G   0.05151    0.0246  0.003456   0.07957        47       640    0.8443    0.6609    0.7734    0.3291    0.0473   0.01553  0.006221
    18/199      3.1G   0.05114    0.0231  0.003549   0.07779        50       640    0.7921    0.7159    0.7977    0.3469   0.04515   0.01514  0.004861
    19/199      3.1G   0.04981   0.02298  0.003681   0.07647        31       640    0.8588    0.7724    0.8346    0.3696   0.04305    0.0147  0.006484
    20/199      3.1G    0.0472   0.02288  0.003101   0.07318        48       640    0.8551    0.7959    0.8458    0.3728   0.04326   0.01463  0.004338
    21/199      3.1G   0.04526   0.02269  0.003271   0.07123        54       640     0.867    0.7678    0.8502    0.3738   0.04241   0.01501  0.003608
    22/199      3.1G   0.04587   0.02303  0.002635   0.07153        53       640    0.8977    0.7966    0.8826    0.4065   0.04092   0.01421  0.002987
    23/199      3.1G   0.04355   0.02338  0.002228   0.06916        96       640    0.9328    0.8418    0.8924    0.4387    0.0386    0.0138   0.00196
    24/199      3.1G   0.04348   0.02279  0.002587   0.06886        44       640    0.9118    0.8661    0.8985    0.4524   0.03801   0.01384  0.003748
    25/199      3.1G   0.04264   0.02151  0.002447   0.06659        32       640    0.8702    0.7991    0.8554    0.4101   0.04014   0.01488  0.004928
    26/199      3.1G   0.04298   0.02139  0.002384   0.06676        43       640    0.9254    0.8203    0.8753    0.4246   0.03996   0.01393   0.00175
    27/199      3.1G   0.04164   0.02131  0.002467   0.06542        38       640    0.9007    0.8489    0.8928    0.4419   0.03852   0.01407  0.001857
    28/199      3.1G   0.04191   0.02091  0.002417   0.06524        46       640    0.9142    0.8268    0.8748    0.4312   0.03796   0.01413  0.001731
    29/199      3.1G   0.04096   0.02252  0.001981   0.06546        68       640     0.937     0.873    0.9193    0.4548   0.03713   0.01347  0.001593
    30/199      3.1G   0.04191   0.02326  0.002335    0.0675        61       640    0.9394    0.8629    0.9125    0.4553   0.03783   0.01367   0.00178
    31/199      3.1G   0.03884   0.02137  0.002329   0.06254        54       640    0.9182    0.8576    0.9112     0.446   0.03814   0.01366  0.001224
    32/199      3.1G   0.03968   0.01983  0.001873   0.06138        44       640     0.918    0.8553    0.9101    0.4615   0.03719   0.01359  0.001923
    33/199      3.1G   0.03843    0.0205  0.001824   0.06075        76       640    0.8911    0.8492    0.8861    0.4502    0.0387   0.01417  0.001831
    34/199      3.1G   0.03871   0.02056  0.001684   0.06095        75       640    0.9743    0.8459    0.9172    0.4824   0.03679   0.01312   0.00208
    35/199      3.1G   0.03964   0.02001   0.00165    0.0613        42       640    0.9108    0.8791    0.9125    0.4678    0.0364   0.01355  0.001563
    36/199      3.1G   0.03767   0.01951  0.001666   0.05884        52       640    0.9509    0.8719    0.9177    0.4743   0.03662   0.01325 0.0007689
    37/199      3.1G   0.03808    0.0193  0.001646   0.05903        71       640    0.8898    0.8542    0.8977    0.4476   0.03733   0.01349  0.002105
    38/199      3.1G   0.03839   0.02001  0.001746   0.06014        77       640     0.943    0.8717    0.9218    0.4635   0.03642   0.01302 0.0009584
    39/199      3.1G   0.03688   0.01928  0.001705   0.05786        55       640    0.9501    0.8729    0.9195    0.4431   0.03703   0.01312 0.0009689
    40/199      3.1G   0.03669   0.01975  0.001578   0.05802        50       640    0.9269    0.8541    0.9058    0.4745   0.03592   0.01343  0.002517
    41/199      3.1G   0.03651   0.02005  0.001483   0.05805        36       640    0.9316    0.8268     0.881    0.4434   0.03675   0.01366  0.001208
    42/199      3.1G   0.03824   0.01901  0.001428   0.05868        42       640    0.9306    0.8583     0.905    0.4734   0.03614   0.01343  0.001352
    43/199      3.1G     0.035   0.01958  0.001362   0.05595        83       640    0.9279    0.8675    0.9067    0.4797   0.03603   0.01411  0.001252
    44/199      3.1G   0.03628   0.02004  0.001384    0.0577        70       640    0.9556    0.8558    0.9067    0.4584   0.03708   0.01354  0.001238
    45/199      3.1G   0.03525   0.01938   0.00138   0.05601        34       640    0.9535     0.866    0.9152    0.4752   0.03669   0.01349  0.001062
    46/199      3.1G   0.03524    0.0191  0.001428   0.05576        38       640    0.9513    0.8683    0.9065    0.4663   0.03703   0.01365  0.001053
    47/199      3.1G   0.03633    0.0194  0.001511   0.05724        46       640    0.9293    0.8766    0.9086    0.4557   0.03687   0.01385  0.001192
    48/199      3.1G   0.03558   0.01889  0.001334   0.05581        49       640    0.9231    0.8689    0.9099     0.465   0.03614   0.01339  0.001466
    49/199      3.1G   0.03595   0.01883   0.00151    0.0563        42       640    0.9436    0.8511    0.9126    0.4686   0.03655   0.01383  0.001572
    50/199      3.1G   0.03469   0.01981  0.001284   0.05578        58       640    0.9449    0.8974    0.9232    0.4751   0.03547   0.01326 0.0007717
    51/199      3.1G   0.03377   0.01807  0.001279   0.05311        50       640     0.928    0.8693    0.9093     0.468   0.03597   0.01342  0.001533
    52/199      3.1G   0.03373   0.01903  0.001057   0.05382       103       640    0.9223    0.8509    0.9057    0.4633   0.03661    0.0135  0.001436
    53/199      3.1G   0.03425    0.0182   0.00122   0.05367        95       640    0.9667    0.8596    0.9148    0.4821   0.03538   0.01374  0.001014
    54/199      3.1G   0.03384   0.01798  0.001152   0.05297        49       640    0.9464    0.8912    0.9258    0.4753    0.0362   0.01351  0.001029
    55/199      3.1G   0.03478   0.01831  0.001174   0.05427        50       640    0.9088    0.8889    0.9135     0.484   0.03533   0.01346  0.001256
    56/199      3.1G   0.03382   0.01949  0.001106   0.05442        67       640    0.9515    0.8612    0.9163     0.483   0.03513   0.01345  0.001359
    57/199      3.1G   0.03287   0.01822  0.001155   0.05224        83       640    0.9254    0.8763    0.9167    0.4835   0.03551   0.01352  0.001149
    58/199      3.1G   0.03332    0.0187  0.001144   0.05316        82       640    0.9648    0.8752     0.924     0.482   0.03515   0.01338  0.001056
    59/199      3.1G   0.03288   0.01785  0.001268     0.052       119       640    0.9532    0.8743    0.9205    0.4838   0.03488   0.01349  0.001055
    60/199      3.1G   0.03248   0.01776  0.001105   0.05135        39       640    0.9367    0.8685    0.9103    0.4812   0.03581    0.0136  0.001949
    61/199      3.1G   0.03295   0.01794  0.001029   0.05191        51       640    0.9556    0.8641    0.9237    0.4872    0.0345   0.01314 0.0009345
    62/199      3.1G   0.03261   0.01737  0.001348   0.05132        43       640    0.9356    0.8644    0.9134    0.4827   0.03535   0.01337  0.001271
    63/199      3.1G   0.03191    0.0173  0.001115   0.05033        46       640     0.963    0.8409    0.8987    0.4734   0.03597    0.0134  0.001587
    64/199      3.1G   0.03137   0.01776  0.001088   0.05022        50       640    0.9523    0.8576    0.9045    0.4735   0.03576   0.01365  0.001039
    65/199      3.1G   0.03173   0.01772  0.001128   0.05058        48       640    0.9575    0.8525    0.9016    0.4741   0.03522   0.01349  0.001868
    66/199      3.1G   0.03313   0.01735  0.001003   0.05148        44       640    0.9442    0.8706    0.9115    0.4865   0.03507   0.01328  0.001144
    67/199      3.1G   0.03146   0.01809  0.001044   0.05059        53       640     0.951    0.8625    0.9067    0.4782   0.03548   0.01331 0.0008643
    68/199      3.1G   0.03178   0.01754 0.0008669   0.05019        44       640    0.9603     0.868    0.9126    0.4665   0.03516    0.0134  0.001355
    69/199      3.1G   0.03042   0.01729 0.0007179   0.04843        40       640    0.9674    0.8519    0.9202    0.4914   0.03525    0.0133   0.00123
    70/199      3.1G   0.03129   0.01712 0.0006627   0.04908        72       640    0.9275    0.8733    0.8999     0.493   0.03438   0.01359 0.0009253
    71/199      3.1G   0.03044   0.01673  0.000904   0.04807        38       640    0.9414    0.8498    0.8901    0.4697   0.03566   0.01366  0.001711
    72/199      3.1G   0.03016   0.01705  0.001081   0.04829        57       640    0.9727    0.8678    0.9098    0.4797   0.03587   0.01315  0.001126
    73/199      3.1G   0.02936   0.01646 0.0008552   0.04668        41       640    0.9705    0.8535    0.9074    0.4802   0.03581   0.01387  0.001586
    74/199      3.1G   0.03051   0.01756 0.0008466   0.04892        46       640    0.9519    0.8562    0.9091    0.4754   0.03486   0.01335  0.001306
    75/199      3.1G   0.02977   0.01727 0.0009049   0.04795        45       640    0.9556    0.8422    0.8987    0.4853   0.03549   0.01378  0.001237
    76/199      3.1G   0.02951   0.01689 0.0008833   0.04728        57       640    0.9425    0.8673    0.9115    0.4843   0.03565   0.01351  0.001752
    77/199      3.1G   0.02992   0.01762  0.000857    0.0484        47       640    0.9458     0.862    0.9108    0.4802   0.03599   0.01375  0.001496
    78/199      3.1G   0.03037   0.01653 0.0007636   0.04766        33       640    0.9368    0.8626    0.9042    0.4693   0.03569   0.01392  0.001378
    79/199      3.1G   0.03052   0.01687 0.0006644   0.04805        85       640    0.9479    0.8662    0.9165    0.4806   0.03535   0.01355  0.001201
    80/199      3.1G   0.02916   0.01581 0.0008348    0.0458        39       640    0.9602    0.8688    0.9176    0.4841   0.03526   0.01395 0.0008769
    81/199      3.1G   0.02891   0.01628 0.0009074   0.04609        36       640    0.9711     0.858    0.9044    0.4741   0.03569   0.01426 0.0009955
    82/199      3.1G   0.02881   0.01677  0.000839   0.04642        52       640    0.9464    0.8694    0.9106    0.4868   0.03525   0.01372  0.000802
    83/199      3.1G   0.02868   0.01685  0.001026   0.04656        64       640    0.9606     0.878    0.9165    0.4906   0.03465   0.01342  0.001011
    84/199      3.1G    0.0275   0.01669 0.0008577   0.04505        48       640    0.9683    0.8485    0.9011    0.4929   0.03507   0.01389 0.0008621
    85/199      3.1G   0.02905   0.01631 0.0007041   0.04606        65       640    0.9467    0.8633    0.9021    0.4937   0.03572   0.01374 0.0007698
    86/199      3.1G   0.02843   0.01685 0.0008624   0.04614        51       640    0.9764    0.8626    0.9064    0.4966   0.03574   0.01344  0.001044
    87/199      3.1G   0.02775    0.0153 0.0009268   0.04398        55       640    0.9625    0.8716    0.9197    0.5054   0.03502   0.01331 0.0009875
    88/199      3.1G   0.02741   0.01627 0.0007452   0.04442        60       640    0.9396    0.8485    0.9059    0.4997   0.03515   0.01371  0.001267
    89/199      3.1G   0.02696   0.01579 0.0008048   0.04355        69       640     0.957    0.8756    0.9102    0.4855   0.03556    0.0138  0.001244
    90/199      3.1G   0.02735   0.01497  0.000969   0.04329        40       640    0.9728    0.8653     0.912    0.4931   0.03512   0.01425 0.0008932
    91/199      3.1G   0.02828   0.01615 0.0007629    0.0452        47       640    0.9773    0.8462    0.9113     0.497   0.03452   0.01391   0.00133
    92/199      3.1G   0.02777   0.01661 0.0007507   0.04513        48       640     0.939    0.8477    0.8949    0.5009   0.03504   0.01406  0.001539
    93/199      3.1G   0.02757   0.01546 0.0006501   0.04369        48       640     0.954    0.8771    0.9065    0.5049   0.03438   0.01388  0.001309
    94/199      3.1G    0.0277   0.01636 0.0006971   0.04476        44       640    0.9604    0.8678    0.9209    0.5012   0.03468   0.01385  0.001108
    95/199      3.1G    0.0263    0.0153 0.0007688   0.04237        45       640    0.9499    0.8702    0.9138    0.4958   0.03451   0.01397   0.00129
    96/199      3.1G    0.0275   0.01561 0.0009289   0.04404        44       640    0.9528    0.8623    0.9114       0.5   0.03461   0.01439  0.001165
    97/199      3.1G   0.02673   0.01523  0.000797   0.04275        91       640    0.9567    0.8413    0.9045    0.4927   0.03453   0.01441  0.001026
    98/199      3.1G   0.02692   0.01628 0.0007839   0.04398        41       640    0.9608    0.8499    0.9146    0.4878   0.03525   0.01438  0.001349
    99/199      3.1G   0.02683   0.01595  0.000953   0.04373        64       640    0.9583    0.8637    0.9131    0.4956     0.035   0.01372  0.001228
   100/199      3.1G   0.02687   0.01553 0.0006526   0.04305        28       640    0.9277    0.8783    0.9177    0.5074   0.03481   0.01379  0.001284
   101/199      3.1G   0.02678   0.01521 0.0006005   0.04258        56       640    0.9452    0.8643    0.9069    0.4989     0.035   0.01426  0.001108
   102/199      3.1G   0.02561   0.01474 0.0007178   0.04107        55       640    0.9315    0.8581     0.917    0.4955   0.03494   0.01409  0.001585
   103/199      3.1G   0.02584   0.01515  0.000557   0.04155        70       640    0.9492    0.8838    0.9256    0.4992    0.0347    0.0141   0.00111
   104/199      3.1G   0.02585   0.01543 0.0006291    0.0419        35       640    0.9456    0.8641    0.9217    0.5067   0.03451   0.01418  0.001096
   105/199      3.1G    0.0257   0.01433 0.0007093   0.04074        61       640    0.9476    0.8711    0.9258    0.4995   0.03514    0.0139 0.0008336
   106/199      3.1G   0.02646   0.01507  0.000738   0.04226        41       640    0.9223    0.8861     0.896    0.4877     0.035   0.01411 0.0009653
   107/199      3.1G   0.02521    0.0151 0.0007183   0.04103        71       640    0.9349    0.9014     0.919    0.4933    0.0346   0.01425   0.00119
   108/199      3.1G     0.026   0.01467 0.0006958   0.04137        49       640    0.9439    0.8709    0.9204    0.4892   0.03475   0.01453 0.0009422
   109/199      3.1G   0.02567   0.01531 0.0005389   0.04151        46       640    0.9593    0.8625    0.9255     0.498     0.035   0.01451 0.0008032
   110/199      3.1G   0.02561   0.01522  0.000598   0.04143        40       640    0.9398    0.8601    0.9145    0.4877   0.03483   0.01446  0.001719
   111/199      3.1G   0.02523   0.01442 0.0005844   0.04023        60       640    0.9474    0.8603    0.9126    0.4869   0.03508   0.01468  0.001648
   112/199      3.1G   0.02485    0.0146 0.0005376   0.03999        55       640    0.9676     0.873    0.9222    0.5011   0.03467   0.01437  0.001308
   113/199      3.1G    0.0252   0.01468 0.0006455   0.04052        60       640     0.946    0.8848    0.9161     0.491   0.03524   0.01462  0.001051
   114/199      3.1G   0.02482   0.01427 0.0005696   0.03966        51       640    0.9166    0.8825    0.9083    0.4884   0.03502   0.01493 0.0007533
   115/199      3.1G   0.02418   0.01391  0.000688   0.03877        38       640     0.947    0.8653    0.9136    0.4811   0.03514   0.01451 0.0007132
   116/199      3.1G   0.02569   0.01459 0.0005472   0.04082        47       640    0.9504    0.8599    0.9139    0.4849   0.03495   0.01457 0.0008004
   117/199      3.1G   0.02466   0.01408 0.0006593   0.03941        42       640    0.9508    0.8449    0.9103    0.4984   0.03489   0.01447   0.00133
   118/199      3.1G   0.02435   0.01439 0.0005947   0.03934        53       640    0.9383    0.8637    0.9176    0.4945   0.03461   0.01457  0.001357
   119/199      3.1G   0.02417   0.01354 0.0006554   0.03837        56       640    0.9545    0.8541    0.9168    0.4957    0.0343   0.01474  0.001442
   120/199      3.1G   0.02441   0.01457 0.0005589   0.03954        70       640    0.9413    0.8673    0.9135    0.4959   0.03473   0.01473 0.0009713
   121/199      3.1G   0.02439    0.0142 0.0004919   0.03908        49       640    0.9386     0.858    0.9257    0.4912   0.03433   0.01472  0.001145
   122/199      3.1G   0.02389   0.01474 0.0006752   0.03931        49       640    0.9445    0.8469    0.9152      0.49   0.03443     0.015  0.001434
   123/199      3.1G   0.02403    0.0141 0.0004042   0.03853        45       640    0.9472    0.8524    0.9163    0.4933   0.03425   0.01462  0.001009
   124/199      3.1G   0.02334   0.01417 0.0004149   0.03792        82       640    0.9726    0.8499    0.9166    0.5003   0.03443   0.01472 0.0009101
   125/199      3.1G   0.02367   0.01411 0.0004222    0.0382        56       640    0.9444    0.8774    0.9184    0.4888    0.0349    0.0151 0.0008746
   126/199      3.1G   0.02439   0.01365 0.0005058   0.03855        56       640    0.9538    0.8667    0.9226    0.4863   0.03503   0.01478 0.0006198
   127/199      3.1G   0.02391   0.01377 0.0005168   0.03819        46       640    0.9794    0.8549    0.9244    0.4935    0.0344   0.01476 0.0005517
   128/199      3.1G    0.0237    0.0147 0.0006036     0.039        59       640     0.942    0.8885    0.9265    0.4981   0.03415   0.01462 0.0003867
   129/199      3.1G   0.02327   0.01401 0.0003974   0.03768        41       640      0.98    0.8535    0.9298    0.5053   0.03407   0.01475 0.0003965
   130/199      3.1G   0.02344   0.01369 0.0006753   0.03781        43       640    0.9338    0.8782    0.9246    0.5029    0.0342   0.01469 0.0005893
   131/199      3.1G   0.02268   0.01414 0.0003672   0.03718        41       640    0.9632    0.8485    0.9227    0.5013   0.03443   0.01519  0.000627
   132/199      3.1G   0.02292   0.01346 0.0004876   0.03687        36       640     0.965    0.8621    0.9273    0.5001   0.03416   0.01494 0.0005867
   133/199      3.1G   0.02307   0.01402 0.0004649   0.03755        44       640    0.9357    0.8795    0.9251    0.5024   0.03418   0.01515 0.0007817
   134/199      3.1G   0.02217   0.01358  0.000561   0.03631        79       640    0.9562    0.8557    0.9165    0.4914   0.03491    0.0152  0.001152
   135/199      3.1G   0.02319   0.01393 0.0005318   0.03765        40       640    0.9453    0.8575    0.9193    0.4893   0.03523   0.01527   0.00103
   136/199      3.1G   0.02259   0.01366 0.0004315   0.03668        68       640    0.9673    0.8413    0.9185    0.4896   0.03555   0.01529  0.000917
   137/199      3.1G   0.02254   0.01347 0.0004453   0.03646        40       640    0.9678    0.8607    0.9264    0.4941   0.03531    0.0151  0.001004
   138/199      3.1G   0.02259    0.0141 0.0004283   0.03712        57       640    0.9712    0.8694    0.9204    0.4943   0.03502   0.01526  0.001043
   139/199      3.1G   0.02221   0.01326 0.0004887   0.03596        66       640    0.9565    0.8748    0.9232    0.4997   0.03479   0.01497 0.0008718
   140/199      3.1G   0.02207   0.01333 0.0004148   0.03581        33       640    0.9764    0.8548     0.919    0.4999   0.03509   0.01483 0.0005109
   141/199      3.1G   0.02166   0.01326 0.0003803    0.0353        63       640    0.9537    0.8526    0.9158    0.4954    0.0352   0.01507 0.0005249
   142/199      3.1G   0.02197   0.01369 0.0005211   0.03618        46       640     0.952    0.8675    0.9142    0.5063   0.03484   0.01527   0.00137
   143/199      3.1G   0.02218   0.01333 0.0005013   0.03601        75       640    0.9423    0.8735    0.9186    0.4986   0.03489   0.01534 0.0006342
   144/199      3.1G   0.02259   0.01343 0.0005182   0.03653        40       640    0.9559    0.8601    0.9214    0.4938   0.03491   0.01552 0.0007789
   145/199      3.1G   0.02269   0.01426 0.0004266   0.03737        44       640    0.9563    0.8655    0.9284    0.4979    0.0344   0.01535 0.0008605
   146/199      3.1G   0.02143     0.013 0.0005043   0.03494        95       640    0.9627    0.8633    0.9216    0.4997   0.03433   0.01526 0.0007227
   147/199      3.1G   0.02238   0.01294 0.0004396   0.03576        50       640    0.9523    0.8664    0.9235    0.5013   0.03457   0.01533 0.0006822
   148/199      3.1G   0.02201   0.01332 0.0004587   0.03578        38       640    0.9351    0.8883    0.9229    0.5043   0.03443   0.01526 0.0005562
   149/199      3.1G   0.02227   0.01329 0.0004788   0.03604        45       640    0.9342    0.8812    0.9294     0.496   0.03439   0.01553 0.0006142
   150/199      3.1G   0.02247   0.01396  0.000439   0.03687        49       640    0.9387    0.8707    0.9224    0.4949   0.03458   0.01549 0.0005702
   151/199      3.1G   0.02096   0.01234 0.0005855   0.03388        41       640    0.9865    0.8508    0.9294    0.5045   0.03459   0.01571 0.0004525
   152/199      3.1G   0.02112   0.01282 0.0003424   0.03428        46       640    0.9651    0.8576    0.9257    0.5001   0.03465   0.01567 0.0004424
   153/199      3.1G   0.02119   0.01237  0.000527   0.03409        44       640     0.952     0.857    0.9195    0.4971   0.03459   0.01569 0.0007112
   154/199      3.1G    0.0209   0.01262 0.0004351   0.03396        70       640    0.9619    0.8442    0.9233    0.4996   0.03463   0.01566 0.0007997
   155/199      3.1G   0.02094   0.01327 0.0003407   0.03454        59       640    0.9123    0.8853    0.9182    0.4987   0.03474   0.01584 0.0008062
   156/199      3.1G    0.0208   0.01252 0.0004834   0.03381        52       640    0.9684      0.84    0.9011    0.4947   0.03496   0.01583  0.001254
   157/199      3.1G    0.0201   0.01237 0.0005065   0.03298        45       640    0.9601     0.837    0.9018    0.4901   0.03486   0.01602  0.001016
   158/199      3.1G   0.02142   0.01314 0.0003715   0.03493        40       640    0.9483    0.8554    0.9128    0.4953   0.03494    0.0159 0.0005401
   159/199      3.1G    0.0205   0.01283 0.0004268   0.03376        33       640    0.9664    0.8454    0.9168    0.5012   0.03458   0.01587 0.0006723
   160/199      3.1G   0.02086   0.01284 0.0005182   0.03422        38       640    0.9632    0.8537    0.9197    0.4954   0.03483   0.01577  0.001136
   161/199      3.1G   0.02111   0.01347 0.0004008   0.03499        49       640     0.974    0.8412    0.9163    0.4922   0.03478   0.01597 0.0008434
   162/199      3.1G   0.02043   0.01274  0.000387   0.03356       100       640    0.9511    0.8638    0.9151    0.5026   0.03466   0.01557 0.0005277
   163/199      3.1G   0.02038   0.01264 0.0003883   0.03341        50       640     0.939    0.8803    0.9228    0.4989     0.035   0.01559  0.000518
   164/199      3.1G    0.0212     0.013 0.0003056   0.03451        28       640    0.9254     0.883    0.9175    0.4934   0.03498   0.01558 0.0005512
   165/199      3.1G   0.01937     0.012 0.0003401   0.03172        36       640    0.9406    0.8714    0.9171    0.4893   0.03505   0.01553 0.0005559
   166/199      3.1G   0.02028    0.0119 0.0002867   0.03246        40       640    0.9519    0.8583     0.922    0.4902   0.03518   0.01603 0.0008123
   167/199      3.1G    0.0206   0.01278 0.0003401   0.03372        88       640    0.9439    0.8606    0.9165    0.4983   0.03499   0.01601 0.0007433
   168/199      3.1G   0.02021   0.01242 0.0002669    0.0329        32       640    0.9606    0.8468    0.9208    0.4922   0.03494   0.01556 0.0008627
   169/199      3.1G   0.01997   0.01228 0.0003542    0.0326        64       640    0.9603    0.8468    0.9112     0.495   0.03496   0.01566 0.0009139
   170/199      3.1G   0.01962   0.01198 0.0003616   0.03196        45       640    0.9676    0.8502    0.9204    0.4917   0.03509   0.01584  0.000959
   171/199      3.1G   0.02005   0.01241 0.0003378    0.0328        34       640    0.9643    0.8386    0.9174    0.4966   0.03508   0.01599 0.0009289
   172/199      3.1G   0.02033   0.01335 0.0002171    0.0339        39       640    0.9564    0.8427    0.9142    0.4991   0.03489   0.01589 0.0008833
   173/199      3.1G   0.01951   0.01259 0.0003416   0.03244        61       640    0.9505    0.8508    0.9106    0.4916   0.03494   0.01584  0.001095
   174/199      3.1G   0.02044   0.01223 0.0004868   0.03316        55       640    0.9699    0.8285    0.9214    0.4939   0.03504   0.01587 0.0005839
   175/199      3.1G   0.01959   0.01222 0.0004604   0.03227        55       640    0.9523    0.8438    0.9054    0.4843   0.03521   0.01612 0.0005503
   176/199      3.1G   0.01974    0.0126 0.0003173   0.03266        48       640    0.9647    0.8347    0.9126    0.4937    0.0351   0.01607 0.0007547
   177/199      3.1G   0.01946   0.01209 0.0004171   0.03197        49       640    0.9469     0.854    0.9051    0.4917   0.03507   0.01605 0.0006402
   178/199      3.1G   0.01955   0.01246 0.0003032   0.03231        29       640    0.9469    0.8537    0.9082    0.4954     0.035   0.01613 0.0007552
   179/199      3.1G   0.01937   0.01218 0.0003807   0.03193        66       640    0.9309    0.8704    0.9192     0.491   0.03456   0.01604 0.0007467
   180/199      3.1G   0.01983   0.01276 0.0003463   0.03293        51       640    0.9554     0.847    0.9197    0.4953   0.03452   0.01591  0.001081
   181/199      3.1G   0.01937   0.01232 0.0003334   0.03202        41       640    0.9374    0.8579    0.9166    0.4924   0.03444   0.01632 0.0009904
   182/199      3.1G    0.0199   0.01246 0.0003616   0.03272        32       640    0.9658    0.8476     0.902    0.4912   0.03456   0.01627 0.0007719
   183/199      3.1G   0.02012   0.01237 0.0004749   0.03296        51       640    0.9786    0.8353    0.9121    0.4962   0.03464   0.01607  0.001097
   184/199      3.1G    0.0189   0.01246 0.0003381    0.0317        65       640    0.9496    0.8516     0.902    0.4957   0.03458   0.01617  0.001666
   185/199      3.1G   0.01953   0.01151  0.000442   0.03148        46       640    0.9439    0.8539     0.905    0.4991    0.0345   0.01621  0.001815
   186/199      3.1G   0.01918    0.0122 0.0003348   0.03172        67       640    0.9517    0.8503    0.9019    0.4952   0.03468   0.01621  0.001368
   187/199      3.1G    0.0193   0.01231 0.0003686   0.03198        43       640    0.9548    0.8509    0.9123    0.4958    0.0348   0.01627 0.0009903
   188/199      3.1G   0.01913    0.0119 0.0003536   0.03139        33       640    0.9617    0.8587    0.9196    0.4961    0.0347     0.016  0.001128
   189/199      3.1G   0.02024   0.01289 0.0003413   0.03347        30       640    0.9541    0.8449    0.9077    0.5013   0.03434   0.01608  0.001401
   190/199      3.1G    0.0192   0.01207 0.0002885   0.03155        43       640    0.9714    0.8345    0.9085    0.4997   0.03446   0.01632  0.001275
   191/199      3.1G   0.01907   0.01215 0.0002435   0.03146        58       640    0.9426    0.8598    0.9168    0.4998   0.03439   0.01616  0.001273
   192/199      3.1G   0.01889   0.01145 0.0003168   0.03066        31       640     0.953    0.8406    0.9146    0.5002    0.0346   0.01626  0.001414
   193/199      3.1G   0.01889   0.01169 0.0004031   0.03099        43       640     0.964    0.8334    0.9162    0.4982   0.03469   0.01623   0.00163
   194/199      3.1G   0.01957   0.01234 0.0002824   0.03219        58       640    0.9745    0.8221    0.9128    0.4992   0.03464   0.01598  0.001367
   195/199      3.1G   0.01912   0.01225 0.0003436   0.03171        74       640    0.9584    0.8427    0.9113    0.4992   0.03426   0.01591  0.001358
   196/199      3.1G   0.01919   0.01198 0.0003566   0.03153        63       640    0.9544     0.849    0.9156    0.4959   0.03446   0.01602  0.001291
   197/199      3.1G   0.01887   0.01208 0.0002353   0.03118       117       640    0.9398    0.8609    0.9143    0.5007   0.03471   0.01596  0.001392
   198/199      3.1G   0.01816   0.01166  0.000302   0.03012        46       640    0.9599    0.8468    0.9121    0.4966   0.03477   0.01601  0.001322
   199/199      3.1G   0.01876   0.01226 0.0003545   0.03137        29       640    0.9589    0.8596    0.9167    0.4976   0.03486   0.01607  0.001383
