      0/99     1.89G    0.1009   0.03771   0.03509    0.1737        68       640    0.3341   0.01409 9.924e-05 1.671e-05   0.09362   0.03483   0.03076
      1/99     3.72G    0.0921   0.03848   0.03028    0.1609        45       640  0.004034  0.004902 0.0004153 6.671e-05   0.08751   0.03644   0.02604
      2/99     3.72G   0.08342   0.04013   0.02744     0.151        40       640      0.35   0.07108    0.0148  0.003073   0.07738   0.03459    0.0202
      3/99     3.72G   0.07543   0.03461   0.02472    0.1348        56       640     0.434    0.1011   0.07545   0.01833   0.06801   0.02743   0.01895
      4/99     3.73G   0.06885   0.03021    0.0232    0.1223        32       640    0.2012    0.4229    0.2004   0.05632   0.06389   0.02477   0.01859
      5/99     3.73G   0.06865   0.02878   0.01893    0.1164        57       640     0.348    0.3784    0.2577   0.09004   0.06032   0.02505   0.01224
      6/99     3.73G   0.06717   0.02718   0.01513    0.1095        73       640    0.2841    0.4555    0.2266   0.06102   0.06597   0.02423   0.01614
      7/99     3.73G    0.0636   0.02729   0.01351    0.1044        48       640    0.6485    0.3805    0.4036    0.1185   0.05624   0.02323   0.01124
      8/99     3.73G   0.05937   0.02605   0.01064   0.09606        68       640    0.6082    0.4482    0.4575    0.1503   0.05473   0.02249  0.008229
      9/99     3.73G   0.06078   0.02677   0.01053   0.09808        37       640    0.4647    0.3728    0.3254    0.1285   0.05864   0.02269  0.007576
     10/99     3.73G   0.05842    0.0255  0.009079   0.09299        48       640    0.6226    0.5071    0.4814    0.1964   0.05186   0.02181  0.007611
     11/99     3.73G   0.05587   0.02497   0.00859   0.08943        60       640    0.6516    0.5584    0.5628    0.2028   0.05209   0.02106  0.005717
     12/99     3.73G   0.05285   0.02402  0.006903   0.08378        51       640    0.6541    0.5265    0.5735    0.2411   0.05074   0.02086  0.006963
     13/99     3.73G   0.05246   0.02372  0.006844   0.08303        45       640    0.7633    0.5639    0.6334    0.2421   0.04838   0.01966  0.006372
     14/99     3.73G   0.04933   0.02283   0.00633   0.07849        48       640    0.8424    0.5322    0.5905    0.2449   0.04766   0.01929  0.005813
     15/99     3.73G    0.0473     0.023  0.005581   0.07588        56       640    0.8197    0.6628    0.7157     0.316   0.04737   0.01935     0.004
     16/99     3.73G   0.04742   0.02203  0.004999   0.07444        58       640     0.865    0.5744    0.6676     0.281   0.04719   0.01933  0.004607
     17/99     3.73G   0.04629    0.0219  0.005185   0.07338        52       640    0.7882    0.5321    0.5678    0.2656   0.04716   0.01934  0.006793
     18/99     3.73G   0.04675   0.02175  0.004848   0.07335        66       640    0.8212    0.6227    0.6655    0.2996   0.04559    0.0187   0.00436
     19/99     3.73G   0.04467   0.02149  0.004267   0.07043        42       640    0.8281    0.5715    0.6366    0.3023   0.04523   0.01866  0.005432
     20/99     3.73G   0.04461   0.02149  0.004547   0.07064        67       640    0.7992    0.5428    0.6282    0.2718   0.04599   0.01867  0.006014
     21/99     3.73G   0.04454   0.02137  0.004159   0.07006        35       640     0.879    0.5492    0.5967    0.2676   0.04559   0.01857  0.006457
     22/99     3.73G   0.04383   0.02089  0.003931   0.06866        37       640    0.9183    0.5847    0.6762    0.3144   0.04503   0.01861  0.005642
     23/99     3.73G   0.04337   0.02086  0.003876   0.06811        50       640    0.9095    0.5374    0.6884    0.3139   0.04383   0.01874  0.006418
     24/99     3.73G    0.0431   0.02012  0.004097   0.06732        70       640    0.8984    0.6741    0.7335    0.3232    0.0452   0.01839  0.004725
     25/99     3.73G   0.04157   0.02053  0.003707   0.06581        38       640    0.9089    0.5816    0.6834    0.3375    0.0436   0.01819  0.005663
     26/99     3.73G    0.0422   0.02028  0.003821    0.0663        62       640    0.8653    0.5963    0.7077    0.3326   0.04361   0.01822   0.00439
     27/99     3.73G    0.0407   0.01999  0.003381   0.06406        42       640    0.8577     0.614    0.7313    0.3648   0.04355   0.01767  0.004109
     28/99     3.73G   0.04048      0.02   0.00298   0.06346        66       640    0.7952     0.646    0.7289     0.352   0.04363   0.01792  0.003848
     29/99     3.73G   0.03973   0.01986  0.003101    0.0627        61       640    0.7969    0.7181     0.745    0.3592   0.04309   0.01772  0.004084
     30/99     3.73G   0.04149   0.02076  0.002968   0.06522        68       640    0.9498    0.6345    0.7422    0.3646   0.04268   0.01796  0.003783
     31/99     3.73G    0.0409   0.01975  0.002808   0.06346        45       640    0.8817    0.6905    0.7508    0.3813   0.04263   0.01785  0.003922
     32/99     3.73G   0.04077   0.01969  0.002469   0.06292        71       640    0.8102    0.6994    0.7559     0.382   0.04255   0.01809  0.003248
     33/99     3.73G   0.03984   0.01935  0.002574   0.06176        56       640    0.9029    0.6846    0.7408    0.3883   0.04248   0.01769  0.003786
     34/99     3.73G   0.03965   0.01954  0.002528   0.06172        41       640    0.9134    0.6205    0.7182    0.3765   0.04259   0.01793  0.004211
     35/99     3.73G   0.03965   0.01961  0.002756   0.06202        37       640    0.9098     0.651    0.7389    0.3762     0.042   0.01766  0.004558
     36/99     3.73G   0.03874   0.01916  0.002578   0.06048        67       640    0.8836    0.6978    0.7593    0.3906   0.04225   0.01788  0.003684
     37/99     3.73G   0.03897   0.01924  0.002248   0.06045        37       640    0.9368    0.6046    0.7043    0.3546   0.04239    0.0179  0.004246
     38/99     3.73G   0.03885   0.01892  0.002396   0.06016        24       640    0.9597    0.6518    0.7466    0.3871   0.04157   0.01749  0.003899
     39/99     3.73G   0.03836    0.0192  0.002377   0.05993        56       640    0.8956    0.6507    0.7468    0.3906   0.04132   0.01753  0.003934
     40/99     3.73G   0.03797   0.01893  0.002423   0.05932        47       640    0.8855    0.7096    0.7641    0.3849   0.04146   0.01753  0.003855
     41/99     3.73G   0.03802   0.01908  0.002153   0.05925        45       640    0.9112    0.6483    0.7402    0.3907   0.04164   0.01731   0.00431
     42/99     3.73G   0.03747   0.01849  0.002715   0.05867        56       640    0.8806      0.64    0.7466    0.3872   0.04153   0.01748   0.00449
     43/99     3.73G   0.03763   0.01839  0.002246   0.05826        47       640    0.8822    0.6975    0.7625    0.3929   0.04175   0.01733  0.003619
     44/99     3.73G   0.03717   0.01836  0.002254   0.05779        39       640    0.8701    0.6785    0.7543    0.3985   0.04181   0.01765  0.004026
     45/99     3.73G   0.03639   0.01814  0.002019   0.05655       109       640    0.8974    0.7107    0.7264    0.3745   0.04221    0.0174  0.003729
     46/99     3.73G    0.0366   0.01788  0.001866   0.05635        61       640    0.9319    0.6745    0.7875    0.4083   0.04123   0.01734  0.003781
     47/99     3.73G   0.03656   0.01801  0.002061   0.05663        73       640    0.9325    0.6893    0.7658    0.3875   0.04138   0.01745  0.003777
     48/99     3.73G   0.03639   0.01815  0.001965    0.0565        49       640    0.9311    0.6847    0.7631    0.4008   0.04172    0.0178  0.003025
     49/99     3.73G   0.03532   0.01766  0.002119   0.05511        48       640    0.8962    0.6379    0.7622    0.3931   0.04101   0.01784  0.003855
     50/99     3.73G   0.03547   0.01846  0.001812   0.05574        53       640    0.9266    0.6977     0.794    0.4296   0.04087   0.01761  0.003466
     51/99     3.73G   0.03549   0.01825   0.00178   0.05552        41       640    0.9102    0.6949    0.7763    0.4056   0.04131   0.01766  0.003579
     52/99     3.73G   0.03583   0.01855  0.001819    0.0562        52       640     0.932    0.6986    0.7695    0.4234   0.04086   0.01743  0.003727
     53/99     3.73G   0.03494   0.01748  0.001727   0.05415        77       640    0.9365    0.6453    0.7176    0.3696   0.04089   0.01755  0.004173
     54/99     3.73G   0.03467   0.01738  0.001727   0.05377        76       640    0.9026    0.6813    0.7273    0.3814   0.04086   0.01753  0.004684
     55/99     3.73G   0.03477   0.01791  0.001788   0.05447        65       640    0.9326    0.6834    0.7593    0.3851   0.04053   0.01775   0.00361
     56/99     3.73G   0.03552   0.01746   0.00176   0.05474        61       640     0.914    0.7038    0.7705    0.4002   0.04046   0.01747  0.004091
     57/99     3.73G   0.03476   0.01753  0.001787   0.05408        50       640    0.8916    0.7041    0.7506    0.3992   0.04029    0.0176  0.003589
     58/99     3.73G   0.03447   0.01765  0.001525   0.05364        44       640    0.9426    0.6805    0.7576    0.4056   0.04067   0.01735  0.003597
     59/99     3.73G   0.03457   0.01755  0.001435   0.05356        36       640    0.9382    0.6797    0.7551    0.4037      0.04   0.01741  0.003579
     60/99     3.73G   0.03439   0.01792  0.001325   0.05363        66       640    0.9185     0.704    0.7796    0.4183   0.04058   0.01742  0.003772
     61/99     3.73G   0.03373   0.01778  0.001443   0.05295        82       640    0.9465    0.6935    0.7707    0.4062   0.04007    0.0175  0.003449
     62/99     3.73G   0.03423   0.01694  0.001632    0.0528        91       640    0.8279    0.6992    0.7786    0.4199   0.04004   0.01758  0.003345
     63/99     3.73G   0.03363   0.01728  0.001597    0.0525        59       640    0.9198    0.7051    0.7822     0.409   0.04026    0.0177  0.003489
     64/99     3.73G   0.03386   0.01677  0.001537   0.05217        41       640    0.8563    0.7256    0.7693     0.413   0.04013   0.01758  0.003798
     65/99     3.73G    0.0335   0.01752  0.001179   0.05219        51       640    0.9355    0.7031     0.775    0.4103    0.0403   0.01734  0.003644
     66/99     3.73G   0.03371   0.01748  0.001354   0.05255        57       640      0.93    0.6659    0.7635    0.4017   0.04036   0.01761  0.003288
     67/99     3.73G   0.03308   0.01673  0.001501   0.05131        43       640    0.9199    0.7068    0.7645    0.3947   0.04033   0.01763  0.003483
     68/99     3.73G   0.03215    0.0165  0.001258   0.04991        45       640    0.9265    0.7036      0.77    0.4195   0.04041   0.01765  0.003474
     69/99     3.73G   0.03311   0.01664  0.001303   0.05106        50       640    0.9466    0.6773     0.763    0.4073   0.04016   0.01771  0.003729
     70/99     3.73G   0.03191   0.01678  0.001184   0.04987        59       640    0.9352    0.7183    0.7778    0.4115   0.04026   0.01741  0.003568
     71/99     3.73G   0.03289   0.01663  0.001413   0.05094        94       640    0.9166     0.696    0.7645    0.4142      0.04   0.01763  0.003528
     72/99     3.73G   0.03269   0.01659  0.001424   0.05071        62       640    0.9203    0.7165    0.7632    0.4157   0.03991   0.01755  0.004036
     73/99     3.73G   0.03247   0.01689   0.00135    0.0507        65       640    0.9354    0.6913    0.7692    0.4191   0.04016   0.01764  0.003572
     74/99     3.73G   0.03251   0.01655  0.001135   0.05019        59       640    0.9038    0.6814    0.7602    0.4062   0.04026   0.01748   0.00345
     75/99     3.73G   0.03166   0.01628  0.001268   0.04921        39       640    0.9426    0.6926    0.7796    0.4105   0.04038   0.01767  0.003357
     76/99     3.73G   0.03198     0.016  0.001265   0.04925       117       640    0.9378    0.7192     0.788    0.4141   0.04029   0.01772  0.003224
     77/99     3.73G   0.03088   0.01618  0.001286   0.04834        47       640    0.9262    0.6857    0.7805    0.4214   0.04021    0.0178  0.003886
     78/99     3.73G   0.03124   0.01641  0.001231   0.04888        59       640    0.9359     0.721    0.7765    0.4129   0.04007   0.01774  0.004135
     79/99     3.73G   0.03173   0.01619  0.001159   0.04908        64       640    0.9381    0.7154    0.7621    0.4106    0.0404   0.01757  0.004263
     80/99     3.73G   0.03212   0.01613  0.001363   0.04962        48       640    0.9424    0.6932    0.7741    0.4185   0.04009   0.01786  0.003964
     81/99     3.73G   0.03096   0.01627  0.001257   0.04849        74       640    0.9439    0.6918    0.7475    0.4053    0.0401   0.01813  0.004218
     82/99     3.73G   0.03158   0.01622 0.0009525   0.04875        68       640    0.8979    0.7062    0.7785    0.4155   0.04056   0.01792    0.0039
     83/99     3.73G   0.03208   0.01679  0.001091   0.04996        52       640    0.9172    0.7237    0.7972    0.4259   0.04025   0.01792  0.003649
     84/99     3.73G   0.03054   0.01599 0.0009585   0.04749        98       640    0.9119    0.7172    0.7827    0.4059   0.04014   0.01793  0.003882
     85/99     3.73G    0.0309   0.01612  0.000971   0.04799        43       640    0.9356    0.6986    0.7745    0.4172   0.04018    0.0179  0.003522
     86/99     3.73G    0.0314   0.01568  0.001114   0.04819        47       640    0.9345    0.6863    0.7721    0.4144   0.04011   0.01795  0.004176
     87/99     3.73G   0.03035   0.01629  0.001272   0.04792        59       640    0.9434    0.6957    0.7754     0.418   0.04021   0.01792  0.003696
     88/99     3.73G   0.03028   0.01611   0.00109   0.04748        46       640    0.9323    0.6888    0.7652    0.4021   0.04019   0.01773  0.004203
     89/99     3.73G   0.03084   0.01631 0.0009741   0.04812        59       640    0.9171    0.7369    0.7892    0.4227   0.04017   0.01775  0.003951
     90/99     3.73G   0.03054   0.01627  0.001048   0.04786        66       640    0.9199    0.6879    0.7632    0.4095   0.04012   0.01788  0.004296
     91/99     3.73G   0.03049   0.01564 0.0008785   0.04701        69       640    0.9434    0.6809    0.7854    0.4177   0.04024   0.01794  0.003428
     92/99     3.73G   0.03001   0.01641  0.001086    0.0475        45       640    0.9316    0.7009     0.784    0.4244   0.04011   0.01773  0.003643
     93/99     3.73G   0.02987   0.01566  0.000941   0.04647        34       640     0.944     0.681    0.7827    0.4216   0.04003   0.01773  0.003312
     94/99     3.73G   0.03104   0.01608 0.0009457   0.04806        87       640    0.9236     0.704    0.7728    0.4093   0.04018   0.01765  0.003538
     95/99     3.73G   0.03038   0.01545 0.0009824   0.04682        63       640    0.9227    0.6745    0.7793    0.4133   0.04018   0.01783  0.003956
     96/99     3.73G   0.03021   0.01571 0.0008345   0.04675        67       640    0.9075    0.6942    0.7832    0.4198   0.04012   0.01786  0.003844
     97/99     3.73G   0.03025   0.01609  0.001061    0.0474        60       640    0.9224    0.6802     0.769    0.4136   0.03997   0.01796  0.003418
     98/99     3.73G   0.02998   0.01562 0.0009608   0.04656        43       640    0.9021    0.6937    0.7761    0.4224   0.03983   0.01799  0.003428
     99/99     3.73G   0.02983   0.01548 0.0009222   0.04623        59       640    0.9543     0.704    0.7624    0.4112   0.03989   0.01789  0.003442
