     0/199     1.77G    0.1032   0.03901   0.04145    0.1837        17       640 0.0002607   0.04155  6.21e-05 9.807e-06    0.0931    0.0318   0.03761
     1/199     3.34G   0.09814   0.04015   0.03542    0.1737         9       640 0.0002735    0.0436 0.0001209 2.068e-05   0.09086   0.03074   0.03292
     2/199     3.34G   0.09536   0.04009    0.0316    0.1671        11       640 0.0008577   0.06142 0.0001065 1.785e-05   0.08971   0.03011   0.02969
     3/199     3.34G   0.09422   0.04019   0.02949    0.1639        15       640 0.0007136   0.08113 0.0001368 2.538e-05   0.08885   0.03002   0.02736
     4/199     3.34G   0.09341   0.04271   0.02733    0.1635        32       640  0.001042    0.1564 0.0004499 8.477e-05   0.08616   0.03083   0.02563
     5/199     3.34G   0.09103    0.0431   0.02597    0.1601        17       640  0.002532   0.01839  0.000856 0.0001527   0.08376   0.03178   0.02401
     6/199     3.34G   0.08981   0.04306   0.02452    0.1574        23       640    0.5018   0.03883 0.0009401 0.0001658   0.08017   0.03259   0.02301
     7/199     3.34G   0.08574   0.04208   0.02344    0.1513        13       640    0.2544   0.02929  0.001863  0.000397   0.07848   0.03159   0.02122
     8/199     3.34G   0.08421   0.04332   0.02081    0.1483        34       640    0.7593    0.0218  0.003653 0.0007257   0.07791   0.03066   0.01903
     9/199     3.34G   0.08087   0.03912   0.02057    0.1406        24       640    0.7657   0.01907  0.004934 0.0009232   0.07539   0.03035   0.02013
    10/199     3.34G   0.07868   0.03892   0.01891    0.1365        21       640   0.03629    0.1652   0.02419   0.00545   0.06906   0.02902   0.01516
    11/199     3.34G   0.07575   0.03617   0.01702    0.1289        13       640   0.06023   0.09535   0.03004  0.009287   0.06936   0.02748    0.0203
    12/199     3.34G   0.07522   0.03421   0.01553     0.125        33       640    0.6144    0.1834    0.0874   0.02238   0.06572   0.02967   0.01181
    13/199     3.34G   0.07518   0.03279   0.01338    0.1213        18       640    0.6679    0.1957    0.1219   0.03163    0.0644   0.02379   0.01123
    14/199     3.34G   0.07362   0.03222   0.01342    0.1193        15       640    0.6954    0.1845    0.1424   0.03823   0.07272   0.02186  0.009152
    15/199     3.34G    0.0717   0.03136   0.01199    0.1151        18       640    0.6366    0.2254    0.1141   0.03114   0.06421   0.02431   0.02556
    16/199     3.34G   0.07058   0.03186   0.01217    0.1146        13       640    0.7379    0.2084    0.1847   0.06282   0.06339   0.02124   0.01249
    17/199     3.34G   0.06859   0.03034   0.01177    0.1107        15       640    0.7549    0.2352    0.2155   0.07537   0.05554   0.02328    0.0104
    18/199     3.34G    0.0643    0.0307   0.01084    0.1058        11       640    0.7499    0.2194    0.2016   0.05256   0.06124   0.02103   0.00818
    19/199     3.34G   0.06329    0.0295   0.01031    0.1031        29       640    0.8545    0.2107    0.2623   0.09899   0.05868   0.02013  0.008639
    20/199     3.34G   0.06279   0.03022  0.009928    0.1029        22       640    0.8315    0.2481    0.2706    0.1024   0.05288   0.01946   0.00713
    21/199     3.34G    0.0607   0.02957  0.009884    0.1001        16       640    0.8806    0.3242    0.3797     0.152   0.05104    0.0195  0.006859
    22/199     3.34G   0.05887   0.02873  0.009119   0.09672        11       640    0.9133    0.3075     0.362    0.1542   0.04901   0.01852  0.006218
    23/199     3.34G    0.0583   0.02737  0.008919    0.0946        14       640    0.9181    0.3182    0.3705     0.158   0.04931   0.01801  0.006136
    24/199     3.34G   0.05813   0.02791  0.008762    0.0948        15       640    0.8916    0.3451    0.3956    0.1644   0.04838   0.01783   0.00603
    25/199     3.34G   0.05584   0.02843  0.008893   0.09316        10       640    0.8393    0.2784    0.3084     0.117   0.04934   0.01735  0.006317
    26/199     3.34G   0.05562   0.02822  0.008624   0.09247        15       640    0.9353    0.3354    0.3962    0.1715   0.04785   0.01788  0.005438
    27/199     3.34G   0.05454   0.02766  0.008365   0.09057        15       640    0.9452    0.3424    0.4042    0.1726   0.04649   0.01747  0.005319
    28/199     3.34G   0.05415    0.0264  0.007931   0.08848        13       640    0.8433    0.3413    0.3505    0.1404    0.0481   0.01766  0.005057
    29/199     3.34G   0.05497   0.02636  0.007872    0.0892        14       640     0.912    0.2843    0.3548    0.1366   0.04926   0.01707  0.004994
    30/199     3.34G   0.05374   0.02596  0.007547   0.08725        16       640    0.9202    0.3619    0.4134    0.1783   0.04707   0.01726  0.005179
    31/199     3.34G   0.05296   0.02633  0.007588   0.08688        11       640    0.9085    0.3477    0.4057    0.1767    0.0458   0.01659   0.00486
    32/199     3.34G   0.05356   0.02707  0.007219   0.08784        21       640    0.9114    0.3392    0.4012    0.1834    0.0464   0.01731  0.005582
    33/199     3.34G   0.05262   0.02719  0.007403   0.08721        16       640    0.9192    0.3621    0.4062    0.1915   0.04503   0.01691    0.0048
    34/199     3.34G   0.05219   0.02601  0.007293    0.0855        45       640    0.9287    0.3587    0.4276    0.2046   0.04487   0.01701  0.005313
    35/199     3.34G   0.05141   0.02636  0.007337   0.08511         8       640    0.9027    0.3849     0.407    0.1917   0.04529   0.01715  0.005622
    36/199     3.34G   0.04934   0.02497  0.006724   0.08103        17       640    0.9395    0.3453    0.4336    0.2057   0.04505   0.01661  0.004691
    37/199     3.34G   0.05116   0.02631   0.00594   0.08342        16       640    0.9132    0.3435    0.4073    0.1689   0.04566   0.01677  0.004429
    38/199     3.34G   0.04899   0.02502  0.006756   0.08076        22       640    0.9354    0.3633    0.4419    0.2064   0.04422   0.01622   0.00425
    39/199     3.34G   0.04978   0.02546  0.006395   0.08163        40       640     0.905    0.3637    0.4084     0.169   0.04522   0.01637   0.00461
    40/199     3.34G   0.05037   0.02469  0.006704   0.08176        28       640    0.9536    0.3399    0.4404     0.198   0.04481   0.01635  0.004218
    41/199     3.34G    0.0491   0.02469  0.006713   0.08051        15       640    0.9227    0.3774    0.4745     0.218   0.04374   0.01662  0.004405
    42/199     3.34G   0.04853   0.02381  0.007469   0.07981        16       640    0.9573    0.3321    0.4276     0.208   0.04446   0.01686   0.00503
    43/199     3.34G   0.04855   0.02461  0.006541    0.0797        16       640    0.9313    0.3725    0.4608    0.2228   0.04336   0.01651  0.004294
    44/199     3.34G   0.04798   0.02483   0.00594   0.07875        20       640     0.956    0.3888    0.4493    0.2231   0.04311   0.01597  0.004279
    45/199     3.34G   0.04873   0.02414  0.006415   0.07929        13       640    0.9513    0.3651    0.4443    0.2014   0.04348    0.0163  0.004104
    46/199     3.34G   0.04929   0.02426  0.006101   0.07965        13       640    0.9209    0.3613    0.4448    0.2069   0.04369   0.01604  0.004609
    47/199     3.34G   0.04744   0.02448  0.006242   0.07817        17       640    0.9114    0.3689    0.4405    0.2189    0.0434   0.01598  0.004989
    48/199     3.34G    0.0462   0.02337  0.006295   0.07587         7       640    0.9561    0.3579    0.4713    0.2236   0.04324   0.01567  0.004446
    49/199     3.34G   0.04701   0.02443  0.006557   0.07799        17       640    0.9445    0.3852    0.4609    0.2176   0.04312   0.01594  0.004239
    50/199     3.34G   0.04707    0.0237  0.007193   0.07796        14       640    0.3248    0.6151     0.539    0.2407   0.04264   0.01612  0.003883
    51/199     3.34G   0.04693   0.02503  0.005673   0.07763        13       640    0.9376    0.3988    0.4764    0.2156   0.04319   0.01562  0.003821
    52/199     3.34G   0.04683   0.02296  0.006519    0.0763        11       640    0.9787    0.3805    0.5357    0.2608   0.04212   0.01612  0.004039
    53/199     3.34G   0.04685   0.02328  0.005583   0.07571        18       640    0.9569    0.3873    0.4782    0.2227   0.04227   0.01522  0.003761
    54/199     3.34G   0.04628   0.02457  0.005851   0.07671        23       640    0.9636    0.3841    0.4918    0.2483   0.04226   0.01545  0.003669
    55/199     3.34G   0.04548   0.02286  0.005573   0.07392        18       640     0.377    0.5527    0.5425    0.2528    0.0419   0.01577  0.003828
    56/199     3.34G   0.04547   0.02316  0.005959   0.07459        20       640    0.9438    0.4049    0.5446    0.2825   0.04207   0.01576  0.003565
    57/199     3.34G   0.04701   0.02477  0.005275   0.07705        36       640    0.3938    0.5386    0.4881    0.2256   0.04226   0.01581  0.004078
    58/199     3.34G   0.04424    0.0235  0.005556    0.0733        19       640    0.8182    0.4695    0.4961    0.2354   0.04186    0.0156  0.003971
    59/199     3.34G   0.04633   0.02369  0.005143   0.07516        14       640    0.9649    0.3782    0.4502    0.1989   0.04331   0.01536  0.004028
    60/199     3.34G   0.04637   0.02258  0.005119   0.07407         7       640    0.3923    0.4815     0.476    0.2375    0.0422   0.01584  0.004189
    61/199     3.34G   0.04618   0.02372   0.00464   0.07453        13       640    0.9539    0.3848    0.4801    0.2348   0.04205   0.01552  0.003819
    62/199     3.34G    0.0457   0.02326  0.005097   0.07406        40       640    0.3903    0.6049    0.5108    0.2535   0.04182   0.01568  0.003843
    63/199     3.34G   0.04486   0.02196  0.004535   0.07135        18       640    0.6074    0.5417    0.5886    0.2651   0.04205   0.01495  0.003726
    64/199     3.34G   0.04414   0.02348  0.004905   0.07252        30       640    0.9064     0.446    0.5576    0.2548   0.04179   0.01576  0.003667
    65/199     3.34G   0.04558   0.02277  0.005086   0.07343        18       640    0.6614    0.5089    0.5264    0.2371   0.04223   0.01538  0.003626
    66/199     3.34G   0.04455   0.02174  0.004966   0.07126        16       640    0.8167    0.4542    0.5217    0.2595    0.0412    0.0159  0.003488
    67/199     3.34G   0.04382   0.02256  0.005077   0.07145        10       640    0.4551    0.6076    0.5515    0.2826   0.04137   0.01525  0.003853
    68/199     3.34G   0.04457   0.02338  0.004473   0.07242        13       640    0.6958    0.4502     0.535    0.2684   0.04142   0.01542  0.004005
    69/199     3.34G   0.04381   0.02248  0.004611    0.0709         8       640    0.5074    0.4537    0.4572    0.2322   0.04167   0.01555  0.004074
    70/199     3.34G   0.04369   0.02421  0.004377   0.07228        27       640    0.5565    0.4451    0.4978    0.2448   0.04101   0.01506  0.003478
    71/199     3.34G   0.04478   0.02251  0.004399    0.0717        10       640    0.5097    0.5325    0.5277    0.2559   0.04087   0.01534  0.003502
    72/199     3.34G   0.04434   0.02254  0.004237   0.07111         9       640    0.6834    0.6559    0.6045    0.3083   0.04099   0.01571  0.004052
    73/199     3.34G    0.0428   0.02166  0.004159   0.06863        23       640    0.5146    0.5997    0.5707     0.294   0.04158   0.01517  0.003319
    74/199     3.34G   0.04226   0.02179  0.004512   0.06856        13       640    0.5583    0.4404    0.4963    0.2557   0.04157    0.0156   0.00374
    75/199     3.34G   0.04351   0.02329   0.00415   0.07094        42       640    0.6586    0.4293    0.5259    0.2634   0.04149    0.0151  0.003679
    76/199     3.34G   0.04432    0.0223  0.003696   0.07031        12       640     0.567    0.5433    0.5304    0.2708   0.04113   0.01514  0.003762
    77/199     3.34G   0.04273   0.02237  0.004051   0.06915        18       640    0.6945    0.4743    0.5056    0.2744   0.04168   0.01512  0.004298
    78/199     3.34G   0.04297   0.02225  0.004449   0.06967         9       640    0.5907    0.5248    0.5324    0.2767   0.04105   0.01534  0.003625
    79/199     3.34G   0.04371   0.02236   0.00423    0.0703        35       640    0.5648    0.5988    0.5001    0.2461   0.04176   0.01556  0.004231
    80/199     3.34G   0.04278   0.02163  0.004153   0.06856        28       640    0.7298    0.4939    0.5212    0.2649   0.04104   0.01516  0.004239
    81/199     3.34G   0.04306   0.02194  0.003978   0.06899        14       640     0.508    0.5297    0.5242    0.2695   0.04081   0.01489   0.00388
    82/199     3.34G   0.04112   0.02205  0.004625   0.06779        16       640    0.5491    0.5745    0.5488    0.2732    0.0405   0.01516  0.003567
    83/199     3.34G   0.04206   0.02194  0.003634   0.06764        22       640    0.7047    0.4672      0.53    0.2705   0.04116   0.01519  0.004688
    84/199     3.34G   0.04271   0.02105  0.003954   0.06772        22       640    0.7292    0.5143    0.5596    0.2779   0.04089   0.01517  0.003721
    85/199     3.34G   0.04206    0.0218  0.005179   0.06904         7       640    0.6562    0.4594     0.536    0.2771   0.03978   0.01506  0.003166
    86/199     3.34G   0.04247   0.02224  0.003827   0.06854        15       640    0.4885    0.5995     0.536    0.2779   0.04098   0.01553   0.00334
    87/199     3.34G   0.04133   0.02239  0.003799   0.06751         9       640    0.5105    0.5892    0.4944    0.2518   0.04077   0.01506  0.003543
    88/199     3.34G   0.04239   0.02209  0.003227   0.06771        12       640    0.4943    0.4677     0.462    0.2449   0.04077   0.01512  0.004068
    89/199     3.34G   0.04151   0.02143  0.003704   0.06664        10       640    0.6549    0.5272     0.558    0.2846   0.04072   0.01549  0.004058
    90/199     3.34G   0.04097   0.02174  0.003561   0.06626        20       640    0.4652    0.5988    0.5078    0.2586   0.04081   0.01503  0.003366
    91/199     3.34G   0.04205   0.02191  0.003434   0.06739        10       640    0.7628    0.5823    0.6021    0.2923   0.04072   0.01504   0.00336
    92/199     3.34G   0.04189   0.02111  0.003571   0.06657         8       640     0.499    0.5918    0.5504    0.2893   0.04072   0.01533  0.003447
    93/199     3.34G   0.04233   0.02248  0.003498   0.06831        51       640    0.4553    0.6154     0.495    0.2584   0.04058   0.01524  0.004111
    94/199     3.34G   0.04113   0.02298  0.003584   0.06769        37       640    0.6411    0.5649    0.5554    0.2722   0.04033   0.01465  0.003416
    95/199     3.34G    0.0412   0.02105  0.003624   0.06588         9       640    0.6949    0.4503    0.5555    0.2732   0.03989    0.0148  0.003357
    96/199     3.34G   0.04035   0.02178  0.003365   0.06549        17       640    0.4458    0.6065    0.5209    0.2563   0.04021   0.01485  0.003866
    97/199     3.34G   0.04032   0.02077  0.003356   0.06445        15       640    0.5671    0.5397    0.5386    0.2719   0.04037   0.01512   0.00371
    98/199     3.34G   0.04063   0.02099  0.003774   0.06539         6       640    0.5196    0.5372    0.4946    0.2688   0.04033   0.01491  0.003852
    99/199     3.34G   0.04066   0.02275  0.003193    0.0666        20       640    0.6824    0.5242    0.5537    0.2954   0.04034   0.01542  0.004116
   100/199     3.34G   0.04016   0.02102  0.003345   0.06453         8       640      0.58    0.6009     0.573    0.2967   0.04022    0.0148  0.003403
   101/199     3.34G   0.04049   0.02105  0.003212   0.06475         9       640    0.5908    0.5873    0.5466    0.2942   0.04046   0.01489  0.003667
   102/199     3.34G   0.04126   0.02203  0.003333   0.06662        15       640    0.9636     0.443    0.5556    0.2815   0.04002   0.01546  0.003508
   103/199     3.34G   0.03993   0.02131  0.002847   0.06409        29       640    0.9293    0.4581    0.5258    0.2722   0.03979   0.01511  0.003531
   104/199     3.34G   0.04012   0.02123  0.003102   0.06445        27       640    0.9546    0.4708     0.556    0.2752   0.03995   0.01527  0.003165
   105/199     3.34G   0.04015   0.02139  0.003265    0.0648        15       640    0.9606    0.4629    0.5659    0.2813   0.03969   0.01467  0.003182
   106/199     3.34G   0.03941   0.02014  0.003173   0.06272         7       640    0.5804    0.5325    0.5061    0.2584   0.04061   0.01467  0.003949
   107/199     3.34G   0.03973   0.02051  0.003089   0.06333        26       640    0.4605    0.6079    0.4964    0.2541    0.0401   0.01526  0.003692
   108/199     3.34G   0.04019   0.02115  0.002981   0.06432        11       640     0.546    0.5361    0.5213    0.2689   0.04056    0.0148  0.003349
   109/199     3.34G   0.03938   0.02181  0.002906   0.06409        22       640      0.92     0.465    0.5282    0.2608   0.04012   0.01462   0.00336
   110/199     3.34G   0.03927   0.02064  0.002865   0.06278        10       640     0.827    0.4643     0.478    0.2469   0.03966   0.01487  0.003477
   111/199     3.34G   0.03932   0.02005   0.00287   0.06225        15       640    0.9616    0.4449    0.5085    0.2585   0.03993    0.0151   0.00392
   112/199     3.34G   0.03901   0.02073  0.003012   0.06275         4       640    0.5747    0.4651    0.4869    0.2449   0.03958   0.01516  0.003418
   113/199     3.34G    0.0399    0.0205  0.003011   0.06341        13       640    0.5123    0.5286     0.557    0.2844   0.03962   0.01553  0.003216
   114/199     3.34G   0.03824   0.02088  0.002848   0.06198         8       640    0.9647    0.4786    0.5379    0.2483   0.03954   0.01516  0.003034
   115/199     3.34G    0.0391   0.02031  0.003072   0.06248        28       640      0.72    0.4654     0.515    0.2564   0.03995   0.01514  0.003378
   116/199     3.34G   0.03996   0.02061  0.002993   0.06357        34       640    0.9601    0.4496    0.5478    0.2778   0.04012   0.01494  0.003114
   117/199     3.34G   0.03888   0.02068  0.002843    0.0624        17       640    0.5173    0.5423    0.5394    0.2682    0.0403   0.01551  0.003348
   118/199     3.34G   0.03919   0.02038  0.002653   0.06222        13       640    0.7207    0.4642    0.5282     0.258   0.04074   0.01484  0.003446
   119/199     3.34G   0.03829   0.02012  0.002668   0.06108        22       640    0.6021    0.4474    0.5252    0.2617   0.04004   0.01536  0.003572
   120/199     3.34G   0.03966   0.02104  0.002886   0.06359        17       640    0.9783    0.4547    0.5653     0.277   0.04018   0.01527  0.003335
   121/199     3.34G   0.03749   0.02015  0.002544   0.06018        10       640    0.6714    0.5263    0.5615    0.2849   0.04032   0.01504   0.00335
   122/199     3.34G   0.03844   0.02106  0.002895    0.0624        17       640    0.9705    0.4431    0.5224    0.2695   0.04038   0.01476  0.003811
   123/199     3.34G   0.03916   0.02028  0.002723   0.06216        16       640     0.714    0.4683    0.5388    0.2795   0.03949   0.01513  0.003457
   124/199     3.34G   0.03824   0.02135  0.002774   0.06236        17       640    0.9633    0.4664    0.5464    0.2592   0.04038   0.01533  0.003213
   125/199     3.34G   0.03794   0.02035  0.002752   0.06104         9       640    0.5861    0.4646    0.5136    0.2539   0.04029   0.01535  0.003561
   126/199     3.34G   0.03708   0.02045  0.002989   0.06052        17       640    0.5515    0.4423    0.4936    0.2489      0.04    0.0149   0.00391
   127/199     3.34G   0.03762   0.01974  0.002421   0.05977        11       640    0.5648    0.5229    0.5315    0.2678   0.04011   0.01514  0.004005
   128/199     3.34G   0.03811   0.02037  0.003016   0.06149        19       640    0.5114    0.5445     0.531    0.2659   0.04027   0.01511   0.00298
   129/199     3.34G   0.03766   0.02032  0.002482   0.06046        11       640    0.6253    0.5282     0.587    0.2858   0.04027   0.01495  0.002761
   130/199     3.34G   0.03665   0.01959  0.002661   0.05891        13       640    0.5433     0.535    0.5419    0.2638   0.04034   0.01555  0.003118
   131/199     3.34G   0.03661   0.02013  0.002389   0.05912        27       640    0.9779    0.4398    0.5312      0.26   0.04033    0.0152  0.003869
   132/199     3.34G   0.03741   0.01973   0.00238   0.05951        20       640    0.8355    0.4374     0.495    0.2442   0.04035   0.01521  0.003441
   133/199     3.34G   0.03825   0.01997  0.002814   0.06104        13       640    0.9645    0.4575    0.5504    0.2833   0.04022   0.01524  0.003478
   134/199     3.34G   0.03823   0.01989  0.002368   0.06049        20       640    0.5741     0.542     0.524    0.2679   0.04023   0.01528  0.003388
   135/199     3.34G   0.03686   0.02027  0.002518   0.05965        18       640     0.972    0.4677    0.5406    0.2733   0.03999   0.01516  0.003604
   136/199     3.34G   0.03743   0.02021   0.00217   0.05981        20       640    0.8403    0.4484    0.4956    0.2541   0.04035   0.01528  0.003451
   137/199     3.34G   0.03609   0.01913  0.003035   0.05826        10       640     0.514    0.5321      0.51    0.2596   0.03994   0.01558  0.003573
   138/199     3.34G   0.03797   0.02091  0.002514   0.06139         9       640    0.5254    0.5419    0.5519    0.2705   0.04009   0.01527  0.003236
   139/199     3.34G   0.03743   0.02042  0.002557   0.06041         5       640    0.5753    0.5405    0.5837    0.2749   0.03998   0.01496  0.003172
   140/199     3.34G    0.0378   0.01952  0.002404   0.05972        14       640    0.9767    0.4482    0.5437    0.2632    0.0399   0.01541  0.003349
   141/199     3.34G   0.03723   0.02003  0.002486   0.05974        18       640    0.8024    0.5361    0.5476    0.2591   0.03956   0.01558  0.003386
   142/199     3.34G   0.03674   0.01947  0.002476   0.05868        19       640    0.5955    0.5402     0.549    0.2752   0.03974   0.01566  0.003346
   143/199     3.34G   0.03736      0.02  0.002278   0.05964        25       640    0.6994    0.5413    0.5915    0.2906   0.04017   0.01539  0.002981
   144/199     3.34G   0.03742   0.02035  0.002242   0.06002        24       640    0.5963    0.5402    0.5723    0.2721    0.0399   0.01575  0.003133
   145/199     3.34G   0.03765   0.01958  0.002397   0.05962        11       640    0.5379    0.5977    0.5838    0.2772   0.03986   0.01545  0.003282
   146/199     3.34G   0.03603   0.01899    0.0025   0.05752         8       640    0.9759    0.4715    0.5825    0.2693   0.04026   0.01549  0.003086
   147/199     3.34G   0.03616   0.01944  0.002153   0.05776        24       640    0.9558    0.4627    0.5353    0.2569   0.04026    0.0155  0.003168
   148/199     3.34G    0.0382   0.02029  0.002412    0.0609        39       640    0.9541    0.4498    0.5641    0.2764   0.03976   0.01528  0.003305
   149/199     3.34G   0.03519   0.01894  0.002576   0.05671        16       640    0.9642    0.4682     0.543     0.259   0.03967   0.01533  0.003209
   150/199     3.34G   0.03682   0.01942  0.002332   0.05857        23       640    0.5648    0.5429    0.5527    0.2611   0.03961   0.01522  0.003126
   151/199     3.34G   0.03648   0.01985   0.00213   0.05845        12       640    0.5284    0.5388    0.5156    0.2587   0.03897   0.01477  0.003384
   152/199     3.34G   0.03609   0.01995  0.002296   0.05833        22       640    0.5819    0.5438    0.5564    0.2722   0.03931   0.01543  0.003411
   153/199     3.34G    0.0362   0.01965  0.002418   0.05826        16       640    0.5469     0.528    0.5021    0.2476   0.04007   0.01527  0.003742
   154/199     3.34G   0.03598   0.01996  0.002293   0.05824        13       640    0.5562    0.5373    0.5732    0.2884   0.03954   0.01498  0.003427
   155/199     3.34G   0.03519   0.01892  0.001993    0.0561        19       640    0.5449    0.5425    0.5457    0.2729   0.03951   0.01536  0.003446
   156/199     3.34G   0.03567   0.01939  0.002107   0.05716        31       640    0.7271     0.459    0.5402    0.2687   0.03991    0.0151  0.003489
   157/199     3.34G   0.03652   0.02067  0.001964   0.05916       109       640    0.6269    0.5234    0.5299    0.2466   0.04058   0.01522  0.003506
   158/199     3.34G   0.03568    0.0194  0.002177   0.05725        24       640    0.7192    0.5301    0.6038    0.2918   0.03961    0.0154  0.003232
   159/199     3.34G   0.03581   0.01883   0.00191   0.05656        26       640    0.7241    0.5315    0.5909    0.2952   0.03963   0.01549  0.003137
   160/199     3.34G   0.03679    0.0198  0.002024   0.05862        17       640    0.6613    0.4348    0.5495    0.2581   0.04004   0.01554  0.003544
   161/199     3.34G   0.03443   0.01928  0.002003   0.05572        20       640    0.5411    0.5368    0.5233    0.2502   0.03989   0.01531  0.003437
   162/199     3.34G   0.03486   0.01958  0.002081   0.05652        17       640    0.5721    0.5411    0.5607     0.281    0.0394   0.01541  0.003626
   163/199     3.34G   0.03543   0.01912  0.002093   0.05664        39       640    0.6984     0.534    0.5726    0.2817   0.03969   0.01593  0.003429
   164/199     3.34G   0.03478   0.01955   0.00183   0.05616        20       640    0.5769    0.5292    0.5612    0.2774   0.03958   0.01565  0.003306
   165/199     3.34G   0.03636   0.01929  0.002281   0.05793        14       640     0.892    0.5158    0.5613    0.2816   0.03923   0.01577  0.003304
   166/199     3.34G   0.03513   0.01849  0.001944   0.05556        21       640     0.602    0.5302    0.5774    0.2832   0.03981   0.01556  0.003041
   167/199     3.34G   0.03589   0.01926  0.001856   0.05701        15       640    0.5681    0.5366    0.5754    0.2788   0.03987   0.01545  0.002935
   168/199     3.34G    0.0346    0.0193  0.001921   0.05583        20       640    0.7158    0.5357    0.5922    0.2827   0.03971   0.01547  0.003101
   169/199     3.34G   0.03526   0.01845  0.001855   0.05557         9       640     0.583    0.5415    0.5787    0.2616   0.03954    0.0155  0.002983
   170/199     3.34G   0.03444   0.01777   0.00209    0.0543        10       640    0.5566     0.532    0.5814    0.2643   0.03944   0.01558  0.003119
   171/199     3.34G   0.03483   0.01848  0.002072   0.05538        23       640    0.5219    0.5476    0.5538    0.2656   0.03978   0.01587  0.003358
   172/199     3.34G   0.03553   0.01963  0.002076   0.05724        15       640    0.7016     0.531    0.5866    0.2935    0.0394   0.01568  0.003377
   173/199     3.34G   0.03436   0.01831  0.001913   0.05459        23       640    0.7107    0.5356    0.5795    0.2798   0.03999   0.01563  0.003542
   174/199     3.34G   0.03461   0.01949  0.002025   0.05612        16       640    0.6227    0.5353     0.551    0.2658   0.03936   0.01579  0.003579
   175/199     3.34G   0.03476   0.01925  0.001675   0.05569        14       640    0.5694    0.5507     0.563    0.2743   0.03984   0.01576  0.003297
   176/199     3.34G   0.03377   0.01889  0.001638   0.05429        11       640    0.5321    0.5463    0.5513    0.2724   0.03958   0.01599  0.003276
   177/199     3.34G   0.03497   0.01884  0.001645   0.05546        17       640    0.5551    0.5398    0.5474    0.2627    0.0397   0.01595  0.003249
   178/199     3.34G    0.0349   0.01862   0.00183   0.05535        13       640    0.6472    0.4689    0.5535    0.2661   0.04003   0.01565  0.003358
   179/199     3.34G   0.03578   0.01942  0.002076   0.05727        25       640    0.5252    0.5467    0.5751    0.2635   0.04005   0.01587  0.003005
   180/199     3.34G   0.03519   0.01897  0.001899   0.05606        14       640    0.6226    0.5988    0.5902    0.2848   0.03965   0.01582  0.003085
   181/199     3.34G   0.03528   0.01934  0.001718   0.05633        12       640    0.6569    0.4515     0.576    0.2683   0.04003    0.0157  0.003101
   182/199     3.34G   0.03563   0.01975  0.001839   0.05722        11       640    0.5877    0.6632    0.6126    0.3105   0.03941   0.01572  0.002903
   183/199     3.34G   0.03497   0.01829    0.0019   0.05516        10       640    0.9377     0.458     0.566    0.2709   0.03992   0.01577  0.003263
   184/199     3.34G   0.03336   0.01768  0.001894   0.05293         7       640    0.5896    0.4603    0.5603    0.2731    0.0398   0.01577  0.003068
   185/199     3.34G   0.03345    0.0182  0.001429   0.05307        11       640    0.5668    0.5991    0.5643    0.2631   0.03989   0.01577  0.003434
   186/199     3.34G   0.03321   0.01805  0.001634    0.0529        10       640    0.6118    0.5328    0.5637    0.2703    0.0397   0.01549  0.003446
   187/199     3.34G   0.03462   0.01906  0.001854   0.05554        15       640    0.5187     0.537    0.5544    0.2746   0.04006   0.01547  0.003367
   188/199     3.34G   0.03501   0.01985  0.001903   0.05676         8       640    0.5395    0.5331    0.5645    0.2762    0.0398   0.01576  0.003203
   189/199     3.34G   0.03369   0.01819     0.002   0.05388        19       640    0.5048    0.5422    0.5523    0.2518   0.03945   0.01582  0.003176
   190/199     3.34G   0.03517   0.01873  0.001616   0.05551        12       640    0.5832    0.5381     0.558    0.2593   0.03976    0.0157  0.003236
   191/199     3.34G   0.03493   0.01884  0.001673   0.05544        28       640    0.6308    0.5778    0.5702    0.2734   0.03984   0.01587  0.003105
   192/199     3.34G   0.03526   0.01857  0.001683   0.05551        53       640    0.4891    0.5745    0.5658    0.2734   0.03972   0.01581  0.003278
   193/199     3.34G   0.03333   0.01811  0.001546   0.05299        13       640    0.5949    0.5341    0.5641     0.262   0.03923   0.01559  0.003107
   194/199     3.34G   0.03374   0.01854  0.001802   0.05409        20       640    0.5796     0.535    0.5759    0.2634   0.03919   0.01565  0.003121
   195/199     3.34G   0.03463    0.0193  0.001766    0.0557        17       640    0.9756    0.5155    0.5967    0.2973   0.03952   0.01585  0.002996
   196/199     3.34G   0.03407   0.01904  0.001898   0.05501        19       640    0.7249    0.5247    0.6048    0.2976   0.03993   0.01601  0.003155
   197/199     3.34G   0.03399   0.01961  0.001705    0.0553        33       640    0.7081     0.529    0.5749    0.2911   0.04033   0.01604  0.003133
   198/199     3.34G   0.03378   0.01828  0.001727   0.05379        17       640    0.4891    0.5275    0.5069    0.2517   0.04008   0.01582  0.003514
   199/199     3.34G    0.0341   0.01911  0.001505   0.05472        15       640    0.5718    0.4697    0.5042    0.2529    0.0399   0.01587  0.003439
