      0/99      2.5G    0.1071   0.03364   0.03526     0.176        43       640   0.01245    0.0369  0.002649 0.0004836   0.09046   0.03377   0.02632
      1/99     3.06G   0.07878   0.03797   0.02772    0.1445        50       640   0.08494    0.3585   0.08573    0.0197   0.07103   0.02736   0.02142
      2/99     3.06G   0.06862   0.02999   0.02511    0.1237        92       640    0.2322    0.2839    0.1172   0.02942    0.0752   0.02258   0.02287
      3/99     3.06G   0.06276   0.02621   0.02131    0.1103        52       640    0.2532     0.454    0.2685   0.09556   0.05809   0.02171   0.01504
      4/99     3.06G   0.05872   0.02383   0.01667   0.09922        48       640    0.3354    0.3575     0.254   0.07177   0.05738   0.02053   0.01318
      5/99     3.06G   0.05814   0.02282   0.01401   0.09497        64       640    0.5036    0.3663    0.4197    0.1297   0.05782   0.01965  0.009987
      6/99     3.06G   0.05695    0.0221   0.01213   0.09118        47       640    0.6522    0.4188    0.4751    0.1813   0.05402   0.01855  0.009084
      7/99     3.06G   0.05272   0.02139   0.01043   0.08454        65       640    0.6269     0.428    0.4889    0.1876   0.04923   0.01881  0.006717
      8/99     3.06G   0.05226   0.02158  0.009076   0.08291        44       640    0.7122    0.4312    0.5297    0.1973   0.04896   0.02013  0.008263
      9/99     3.06G   0.05033   0.02187  0.008285   0.08048        41       640    0.4902    0.6629    0.5607    0.2087   0.05114   0.01843  0.006873
     10/99     3.06G   0.04943   0.02145  0.007886   0.07877        68       640    0.7089    0.4896    0.5781    0.2297   0.04782   0.01972   0.01137
     11/99     3.06G   0.04663   0.02153  0.007353   0.07552        48       640    0.7755    0.5528    0.6397    0.2517   0.04682   0.01955  0.006758
     12/99     3.06G    0.0447   0.02065  0.007441    0.0728        46       640    0.8425    0.4695    0.5993    0.2696   0.04185   0.01905  0.006319
     13/99     3.06G   0.04223   0.01998  0.005818   0.06803        57       640    0.7864    0.6271    0.7046    0.3157   0.04266   0.01791  0.005493
     14/99     3.06G   0.04085   0.01978  0.005352   0.06598        78       640    0.8065    0.6628    0.7136    0.3042   0.04245   0.01825   0.00473
     15/99     3.06G   0.04039   0.01976  0.006066   0.06621        74       640    0.8443    0.6515    0.7255    0.3425   0.04186   0.01773  0.005194
     16/99     3.06G   0.04004   0.01912  0.005053   0.06422        42       640    0.8391     0.606    0.7244    0.3328    0.0398   0.01712  0.006169
     17/99     3.06G   0.03937   0.01884  0.004773   0.06299        88       640    0.8372    0.6413     0.743    0.3451   0.03988   0.01752  0.004612
     18/99     3.06G   0.03789   0.01853  0.004812   0.06123        55       640    0.7675    0.6699    0.7041    0.3392   0.03911   0.01739  0.005087
     19/99     3.06G   0.03754   0.01871  0.004609   0.06086        51       640    0.9258    0.5889     0.725    0.3584   0.03962   0.01728  0.004818
     20/99     3.06G   0.03731   0.01808  0.003923   0.05932        69       640    0.7951    0.6756    0.7516    0.3638    0.0387    0.0172  0.004612
     21/99     3.06G   0.03538   0.01789  0.003688   0.05696        61       640    0.9383     0.696    0.7856    0.3812   0.03904   0.01727  0.003927
     22/99     3.06G   0.03648   0.01865  0.003484   0.05862        53       640    0.8592    0.6704    0.7628    0.3691    0.0379   0.01695  0.005007
     23/99     3.06G   0.03619   0.01855  0.003493   0.05823        35       640    0.8584    0.7224    0.7584    0.3747   0.03793   0.01677  0.003919
     24/99     3.06G   0.03484   0.01758  0.003185   0.05561        54       640     0.891    0.7033    0.7772    0.3693   0.03786   0.01682  0.004021
     25/99     3.06G   0.03521   0.01759  0.002797    0.0556        50       640    0.8687     0.746    0.7864    0.3802   0.03756   0.01668  0.004103
     26/99     3.06G   0.03445   0.01753  0.002637   0.05462        81       640    0.7966     0.783    0.8134    0.3765   0.03746   0.01721  0.003542
     27/99     3.06G   0.03414   0.01737  0.002764   0.05427        52       640    0.8938    0.6907    0.7896    0.3768   0.03696   0.01686  0.004122
     28/99     3.06G   0.03367   0.01689  0.002775   0.05334        69       640    0.8733    0.7097    0.7886     0.366   0.03861   0.01701  0.004341
     29/99     3.06G    0.0333   0.01753  0.002482   0.05332        52       640    0.8982    0.7411    0.7951    0.3762   0.03785   0.01746  0.004143
     30/99     3.06G   0.03368   0.01725   0.00263   0.05356        50       640    0.9255    0.7379    0.7928    0.3882   0.03664   0.01688  0.003685
     31/99     3.06G   0.03304    0.0166  0.002737   0.05238        36       640    0.9353    0.7107    0.7792    0.3949   0.03689    0.0164  0.004404
     32/99     3.06G   0.03254    0.0172  0.002465   0.05221        68       640    0.9174    0.7359    0.8117    0.4032   0.03685   0.01661  0.003249
     33/99     3.06G   0.03143   0.01671  0.002691   0.05083        44       640    0.9402    0.6881    0.7904    0.3768   0.03745   0.01694  0.004269
     34/99     3.06G   0.03164    0.0163  0.002719   0.05065        49       640    0.8569    0.7429    0.7854    0.3768   0.03712   0.01693  0.003797
     35/99     3.06G   0.03208   0.01656  0.002326   0.05096        53       640    0.8377    0.7882    0.8053     0.403   0.03635    0.0164  0.003316
     36/99     3.06G   0.03108   0.01657  0.002377   0.05002        49       640    0.8969    0.7327    0.8013    0.4029   0.03625   0.01636  0.003584
     37/99     3.06G   0.03046   0.01618  0.002154    0.0488        55       640    0.8886      0.74     0.792    0.3966   0.03698   0.01702  0.003442
     38/99     3.06G   0.03065   0.01589  0.002655   0.04919        67       640    0.8578    0.7396    0.7913     0.407   0.03674   0.01708  0.004257
     39/99     3.06G    0.0311   0.01579  0.002219   0.04911        66       640    0.8884    0.7968    0.8247    0.4218   0.03677   0.01664  0.003095
     40/99     3.06G   0.03134   0.01662   0.00221   0.05017        58       640    0.9142    0.7505    0.8048    0.4112   0.03606   0.01688  0.003404
     41/99     3.06G   0.02982   0.01536  0.002174   0.04734        74       640    0.8693    0.7468    0.7859    0.4095   0.03605   0.01675  0.003977
     42/99     3.06G   0.02926   0.01627  0.002459   0.04799        48       640    0.8547    0.7428    0.7817    0.4055   0.03636   0.01714  0.003675
     43/99     3.06G   0.02919   0.01566  0.002241   0.04709        51       640    0.9124    0.7536    0.7968    0.4111    0.0358   0.01652  0.003876
     44/99     3.06G   0.02899   0.01578  0.001895   0.04666        47       640    0.8592    0.7835    0.8185    0.4233   0.03635   0.01664  0.003457
     45/99     3.06G   0.02932   0.01603  0.001855   0.04721        57       640    0.9072    0.7421    0.8027    0.4095   0.03628   0.01683  0.003922
     46/99     3.06G    0.0287   0.01551   0.00196   0.04617        55       640    0.9131    0.7783    0.8121    0.4208   0.03612   0.01677  0.003769
     47/99     3.06G   0.02912   0.01521  0.001773   0.04611        68       640    0.9341    0.7226    0.8025    0.4132   0.03637   0.01714  0.003543
     48/99     3.06G   0.02832   0.01509  0.001972   0.04538        45       640    0.8962    0.6957    0.7876     0.405   0.03607   0.01696  0.004086
     49/99     3.06G   0.02853   0.01569  0.001718   0.04594        44       640     0.916    0.7584    0.8197    0.4179   0.03613   0.01669   0.00326
     50/99     3.06G   0.02836   0.01458  0.002115   0.04506        54       640    0.8169    0.7839    0.8054    0.4357   0.03557   0.01661  0.003785
     51/99     3.06G   0.02781   0.01473  0.002173   0.04472        52       640    0.8722     0.788    0.8122    0.4191   0.03619   0.01688  0.003511
     52/99     3.06G   0.02782   0.01489  0.001553   0.04426        61       640    0.9262    0.7584    0.8266    0.4411   0.03527   0.01694  0.003486
     53/99     3.06G   0.02811   0.01486  0.001567   0.04454        75       640    0.9054    0.7646    0.8202    0.4206   0.03576   0.01752  0.003332
     54/99     3.06G   0.02704     0.015  0.001617   0.04366        51       640    0.9107    0.8037    0.8401    0.4399   0.03527   0.01698  0.003433
     55/99     3.06G   0.02701   0.01475  0.001437    0.0432        64       640    0.9415    0.7638     0.816    0.4395   0.03535   0.01699  0.003181
     56/99     3.06G   0.02749   0.01456  0.001347   0.04339        48       640     0.937    0.7553    0.8158    0.4248   0.03585   0.01727  0.002986
     57/99     3.06G   0.02663   0.01475  0.001632   0.04302        52       640    0.8987    0.7648    0.8041    0.4279   0.03586   0.01734  0.003658
     58/99     3.06G   0.02622   0.01441  0.001541   0.04217        46       640    0.9588    0.7292    0.8013    0.4172   0.03593   0.01765  0.003317
     59/99     3.06G   0.02692   0.01488  0.001553   0.04336        57       640     0.895    0.7883    0.8174    0.4197   0.03562   0.01779  0.003393
     60/99     3.06G   0.02584   0.01426  0.001253   0.04135        54       640    0.9064    0.7512    0.8174    0.4364   0.03547   0.01701  0.003697
     61/99     3.06G   0.02596   0.01395  0.001424   0.04134        47       640    0.9159    0.7556    0.8046     0.418   0.03549   0.01735  0.004125
     62/99     3.06G   0.02576   0.01532  0.001236   0.04231        48       640    0.9211    0.7777    0.8186    0.4267   0.03574   0.01687  0.003084
     63/99     3.06G   0.02554   0.01351  0.001359   0.04041        46       640     0.957    0.7422    0.8217    0.4219   0.03589   0.01687  0.003216
     64/99     3.06G     0.025   0.01407  0.001191   0.04026        71       640     0.917    0.7664    0.8074    0.4212   0.03509   0.01684  0.003912
     65/99     3.06G   0.02519   0.01375  0.001077   0.04002        70       640    0.9325    0.7704    0.8038    0.4146   0.03534   0.01715  0.004155
     66/99     3.06G   0.02524   0.01398  0.001278    0.0405        43       640     0.893    0.7788    0.8169    0.4273   0.03629   0.01728  0.003387
     67/99     3.06G   0.02461   0.01351  0.001332   0.03946        42       640    0.9201    0.7661    0.8307    0.4316   0.03539   0.01723  0.002894
     68/99     3.06G   0.02488   0.01419  0.001183   0.04026        45       640    0.8451    0.7828    0.8131     0.436   0.03548   0.01737  0.003653
     69/99     3.06G   0.02465   0.01344  0.001117   0.03921        47       640    0.9509    0.7379    0.8313    0.4348   0.03548   0.01729  0.003305
     70/99     3.06G   0.02416   0.01394  0.001065   0.03916        50       640    0.9385    0.7415    0.8252    0.4449   0.03547   0.01771  0.003634
     71/99     3.06G   0.02389   0.01316  0.001076   0.03813        50       640    0.8886    0.7381    0.8217    0.4192   0.03592   0.01751  0.003985
     72/99     3.06G   0.02426   0.01386  0.001137   0.03926        71       640    0.9528    0.7517    0.8372    0.4208   0.03552   0.01786  0.003228
     73/99     3.06G   0.02379    0.0138  0.001033   0.03862        51       640    0.8919    0.7698    0.8236    0.4281   0.03514   0.01749  0.004057
     74/99     3.06G   0.02392   0.01312  0.001003   0.03805        51       640    0.9357      0.78     0.832    0.4329   0.03517    0.0174   0.00278
     75/99     3.06G   0.02341   0.01314  0.001142   0.03769        44       640    0.9415    0.7641    0.8365    0.4345   0.03549    0.0177  0.003496
     76/99     3.06G   0.02379   0.01348 0.0009767   0.03825        33       640    0.9413    0.7869    0.8421    0.4311   0.03536   0.01766  0.003632
     77/99     3.06G   0.02354   0.01341 0.0009195   0.03788        75       640     0.925    0.7814    0.8419    0.4394   0.03537   0.01754  0.003756
     78/99     3.06G   0.02301   0.01296 0.0009389   0.03691        38       640    0.9275    0.7668    0.8435    0.4409   0.03546   0.01774  0.003633
     79/99     3.06G   0.02311   0.01323  0.001072   0.03741        63       640    0.9286    0.7861    0.8365    0.4317   0.03511   0.01781  0.003658
     80/99     3.06G   0.02284   0.01322  0.000881   0.03694        48       640    0.9112    0.7931    0.8424    0.4363   0.03531   0.01758   0.00377
     81/99     3.06G   0.02322   0.01327 0.0007981   0.03729        50       640    0.9038    0.7663    0.8498    0.4447   0.03558   0.01771  0.003671
     82/99     3.06G    0.0232    0.0129 0.0009258   0.03703        42       640    0.9061     0.804    0.8403    0.4328   0.03563   0.01744  0.003728
     83/99     3.06G   0.02298   0.01288 0.0009224   0.03678        53       640    0.9318    0.7941     0.848    0.4387    0.0353   0.01746  0.003257
     84/99     3.06G   0.02252   0.01289 0.0009814   0.03639        55       640    0.9227    0.7861    0.8461    0.4384   0.03539   0.01723  0.003319
     85/99     3.06G   0.02212   0.01234 0.0008957   0.03536        55       640    0.9209    0.7854    0.8456    0.4438   0.03505    0.0176  0.003824
     86/99     3.06G   0.02236   0.01268 0.0006656   0.03571        43       640    0.9191    0.7738    0.8412    0.4386   0.03533   0.01767  0.004111
     87/99     3.06G    0.0226   0.01247 0.0008012   0.03588        78       640    0.8838    0.7954    0.8335     0.436   0.03536   0.01765  0.004102
     88/99     3.06G   0.02199   0.01258 0.0009003   0.03547        46       640    0.9087    0.7664    0.8494    0.4427   0.03536    0.0179  0.004107
     89/99     3.06G   0.02201   0.01259 0.0009153   0.03552        52       640    0.9467    0.7529    0.8491    0.4495   0.03562   0.01785  0.003235
     90/99     3.06G   0.02194   0.01246 0.0007105   0.03511        58       640     0.956    0.7527    0.8461    0.4356   0.03545   0.01795  0.003334
     91/99     3.06G   0.02191   0.01238 0.0009168   0.03521        76       640    0.9115     0.791    0.8443    0.4447   0.03562   0.01761   0.00365
     92/99     3.06G   0.02191   0.01241 0.0009268   0.03524        52       640    0.9437    0.7527    0.8359    0.4411    0.0356   0.01817  0.003384
     93/99     3.06G   0.02201   0.01254  0.000898   0.03545        35       640     0.896    0.8006    0.8261    0.4434   0.03563   0.01798  0.003814
     94/99     3.06G    0.0221     0.012  0.000783   0.03488        45       640    0.9342    0.7627    0.8091    0.4339   0.03567   0.01856  0.003854
     95/99     3.06G   0.02115   0.01195 0.0008243   0.03393        56       640    0.9619    0.7324    0.8219    0.4511   0.03543   0.01863  0.003857
     96/99     3.06G   0.02124   0.01213 0.0009917   0.03437        44       640    0.9479    0.7429    0.8264    0.4542   0.03533   0.01837  0.003512
     97/99     3.06G   0.02175   0.01237 0.0006675   0.03478        46       640    0.9381    0.7657    0.8483     0.448    0.0352   0.01814  0.003686
     98/99     3.06G   0.02116   0.01214 0.0007488   0.03405        70       640    0.8692    0.8198    0.8461    0.4404   0.03555   0.01806  0.002981
     99/99     3.06G   0.02104   0.01235  0.000937   0.03432        51       640    0.9078    0.7902    0.8457    0.4487   0.03512   0.01814  0.003227
