      0/99     4.29G    0.1058   0.04036   0.02615    0.1723        62       640 0.0004401   0.06812  0.000168 3.629e-05    0.0958   0.03106   0.02424
      1/99     4.27G   0.09981   0.04119   0.02342    0.1644        88       640 0.0005121   0.07902 0.0001219 2.222e-05   0.09291   0.03034   0.02226
      2/99     4.27G   0.09407    0.0424   0.02156     0.158        39       640  0.003541    0.2627  0.002326 0.0004484   0.08689   0.03147   0.02042
      3/99     4.27G   0.08852     0.042   0.02047     0.151        24       640   0.04369   0.06122   0.01266  0.002284   0.07886   0.03324   0.01915
      4/99     4.27G   0.08385   0.04482   0.01907    0.1477        73       640     0.557    0.1049   0.03605   0.00717   0.07421   0.03042   0.01649
      5/99     4.27G   0.07822   0.03792   0.01747    0.1336        42       640    0.1005    0.2541   0.09746   0.01895   0.06952   0.02612   0.01615
      6/99     4.27G   0.07626   0.03264   0.01607     0.125        59       640    0.3333    0.3213    0.2632   0.07176   0.06586   0.02366   0.01569
      7/99     4.27G   0.07274   0.03123   0.01252    0.1165        43       640    0.1997    0.3801    0.1601   0.03386   0.06489   0.02195   0.01408
      8/99     4.27G   0.07142   0.03105  0.009634    0.1121        58       640    0.3797    0.5102    0.3844    0.1188   0.05897   0.02069  0.007364
      9/99     4.27G    0.0719   0.03075  0.007977    0.1106        94       640    0.3427    0.5443    0.3071   0.07877   0.06015   0.02054  0.006671
     10/99     4.27G   0.06954   0.02927  0.006863    0.1057        31       640    0.4907    0.5386    0.4383    0.1122     0.066   0.01954  0.004896
     11/99     4.27G   0.06768   0.02925  0.005995    0.1029        52       640    0.6486    0.5254     0.539    0.1733   0.05788    0.0193  0.006042
     12/99     4.27G   0.06639   0.02838  0.005741    0.1005        56       640    0.4637    0.5525    0.4497    0.1354   0.05827   0.01949  0.004274
     13/99     4.27G   0.06601   0.02917  0.004707   0.09988        65       640    0.6596    0.6019    0.5773    0.2106   0.05373    0.0184  0.006886
     14/99     4.27G   0.06369   0.02922  0.004319   0.09722        54       640     0.674    0.6536    0.6101    0.2438   0.05062    0.0194  0.005201
     15/99     4.27G   0.06354   0.02774  0.003767   0.09505        73       640    0.5871    0.6298    0.6084    0.2336   0.05615   0.01788  0.004811
     16/99     4.27G    0.0655   0.02796  0.004306   0.09776        45       640    0.6342     0.669    0.6629    0.2552   0.05102    0.0184  0.002909
     17/99     4.27G   0.06268   0.02844  0.003707   0.09483        59       640    0.7325    0.6551    0.7115     0.275   0.05049    0.0176  0.002544
     18/99     4.27G    0.0591   0.02729  0.003723   0.09011        60       640    0.7209    0.6444    0.6629    0.2001    0.0541   0.01726  0.003858
     19/99     4.27G   0.05867   0.02867  0.003492   0.09084        60       640    0.7176    0.6727    0.7093     0.283   0.04839   0.01739   0.00683
     20/99     4.27G   0.05674   0.02724  0.003426   0.08741        74       640    0.8443     0.722    0.7808    0.2832   0.04976    0.0164  0.002563
     21/99     4.27G   0.05619   0.02648  0.002851   0.08551        44       640    0.8586    0.7046    0.8057    0.3504   0.04669   0.01667  0.002474
     22/99     4.27G   0.05392   0.02606   0.00287   0.08285        48       640    0.8387    0.7311    0.8031    0.3492    0.0456   0.01706  0.001638
     23/99     4.27G   0.05364   0.02585  0.002678   0.08216        56       640    0.9035    0.6979    0.8148     0.363   0.04483   0.01584  0.003323
     24/99     4.27G   0.05057   0.02554  0.003123   0.07923        53       640    0.8643    0.7717    0.8556    0.4194   0.04338   0.01538  0.001675
     25/99     4.27G   0.05076   0.02485  0.002383   0.07799        70       640    0.9166    0.7858      0.86    0.3401   0.04468   0.01559  0.001363
     26/99     4.27G   0.05218   0.02477  0.002456   0.07941        48       640    0.9263    0.7677    0.8457      0.39   0.04342   0.01542  0.002034
     27/99     4.27G   0.05031   0.02346  0.002242   0.07602        35       640    0.8928    0.7739    0.8576     0.418   0.04308   0.01532  0.001641
     28/99     4.27G   0.04952   0.02415  0.001974   0.07565        53       640      0.94    0.7334    0.8416    0.3817   0.04475    0.0156  0.001673
     29/99     4.27G   0.04942   0.02409  0.002048   0.07557        76       640    0.8862    0.7489    0.8455     0.377   0.04378    0.0151  0.002622
     30/99     4.27G   0.04848   0.02368  0.002275   0.07443        29       640     0.914    0.7651    0.8537    0.4381   0.04178   0.01484   0.00176
     31/99     4.27G   0.04842   0.02483   0.00178   0.07503        74       640    0.9499    0.7785    0.8735    0.4466   0.04155   0.01496  0.001848
     32/99     4.27G   0.04751   0.02287   0.00185   0.07223        73       640    0.9609    0.7488    0.8529    0.4209   0.04265   0.01534   0.00172
     33/99     4.27G   0.04594   0.02351  0.001807   0.07126        45       640    0.9597    0.7679    0.8799    0.4476   0.04051   0.01467 0.0007407
     34/99     4.27G   0.04432   0.02213  0.001813   0.06826        35       640    0.9109    0.8244    0.8627    0.4239   0.04087   0.01471  0.001468
     35/99     4.27G   0.04724   0.02325  0.001906    0.0724        40       640    0.9403    0.7885    0.8717    0.4146   0.04153    0.0148  0.001457
     36/99     4.27G   0.04643   0.02406  0.001582   0.07208        75       640     0.902    0.8358    0.8732    0.4202   0.04164   0.01489  0.001635
     37/99     4.27G   0.04422   0.02302  0.001621   0.06886        34       640    0.9366    0.8546    0.8854      0.45    0.0411   0.01471  0.001339
     38/99     4.27G   0.04588   0.02351  0.001693   0.07109        47       640    0.9418    0.8408      0.89    0.4383    0.0407   0.01444  0.001061
     39/99     4.27G   0.04571   0.02362  0.001922   0.07125        50       640    0.9503    0.8126     0.897    0.4471   0.04051   0.01443  0.001289
     40/99     4.27G   0.04424   0.02218  0.001498   0.06791        72       640    0.9164    0.8597    0.8947    0.4704   0.04009   0.01432  0.001147
     41/99     4.27G   0.04271    0.0225  0.001301   0.06651        28       640    0.9324    0.8438     0.896    0.4584   0.03993   0.01433 0.0007577
     42/99     4.27G   0.04317   0.02215  0.001384    0.0667        46       640    0.9622    0.8597    0.8968    0.4599   0.04043    0.0142 0.0006132
     43/99     4.27G   0.04265   0.02201   0.00151   0.06616        50       640    0.9573    0.8386    0.8839    0.4575   0.04092   0.01444  0.001211
     44/99     4.27G   0.04268   0.02182  0.001317   0.06581        77       640    0.9498    0.8413    0.8956    0.4647   0.04096    0.0142 0.0009358
     45/99     4.27G   0.04256   0.02199  0.001145   0.06569        48       640     0.904    0.7937    0.8888    0.4583   0.04071   0.01422  0.001476
     46/99     4.27G   0.04297   0.02298  0.001208   0.06716        42       640    0.9486    0.8733    0.9043    0.4698   0.03995   0.01386 0.0008829
     47/99     4.27G   0.04378   0.02262  0.001327   0.06773        39       640    0.9585    0.8145    0.8835    0.4602   0.04045   0.01407  0.001289
     48/99     4.27G   0.04319   0.02238  0.001187   0.06675        39       640    0.9379     0.837    0.9012    0.4776   0.04008   0.01402  0.001245
     49/99     4.27G   0.04153   0.02251   0.00126    0.0653        33       640    0.9433    0.8321    0.8932    0.4401   0.04103   0.01398 0.0009088
     50/99     4.27G   0.04159   0.02171  0.001253   0.06456        78       640    0.9499    0.8559    0.8931    0.4673   0.04003   0.01424 0.0007257
     51/99     4.27G   0.03982   0.02177  0.001077   0.06266        41       640    0.9582    0.8536    0.8981    0.4805   0.03998   0.01413 0.0006989
     52/99     4.27G   0.04085   0.02105  0.001072   0.06297        83       640    0.9541    0.8571    0.8982    0.4683   0.03967   0.01429 0.0008046
     53/99     4.27G   0.04167   0.02162  0.001172   0.06446        67       640    0.9443    0.8404    0.8956    0.4557   0.03997   0.01429 0.0007869
     54/99     4.27G   0.04104   0.02156  0.001265   0.06387        65       640    0.9757    0.8657    0.8995    0.4786   0.04011   0.01412  0.001093
     55/99     4.27G   0.04029   0.02178  0.001065   0.06314        37       640    0.9517    0.8553    0.9001    0.4773   0.03965   0.01414 0.0007459
     56/99     4.27G    0.0393   0.02061 0.0009221   0.06083        50       640    0.9605    0.8408    0.8904    0.4613   0.03993   0.01409   0.00131
     57/99     4.27G   0.03954   0.02098  0.001051   0.06157        54       640     0.933    0.8316     0.882    0.4451   0.04043   0.01466  0.001895
     58/99     4.27G   0.03957   0.02088   0.00105    0.0615       107       640    0.9669    0.8538    0.8995    0.4632    0.0396   0.01432 0.0004921
     59/99     4.27G   0.03933   0.02063   0.00107   0.06103        71       640    0.9615    0.8112    0.8965    0.4745   0.03935   0.01409  0.001665
     60/99     4.27G   0.03846    0.0197  0.001015   0.05918        59       640    0.9562    0.8539    0.9059    0.4659   0.03956   0.01406 0.0007976
     61/99     4.27G   0.03989    0.0217  0.001044   0.06263       145       640    0.9666    0.8635    0.9035    0.4749   0.03935   0.01397 0.0005886
     62/99     4.27G   0.03921   0.02108  0.001043   0.06134        31       640    0.9606    0.8331    0.8909    0.4685   0.04002   0.01426  0.001089
     63/99     4.27G   0.03845   0.02052   0.00104   0.06001        42       640    0.9661    0.8493    0.8998    0.4693   0.03959   0.01398 0.0004878
     64/99     4.27G   0.03864   0.01993 0.0008305    0.0594        35       640     0.977    0.8365    0.8997    0.4806   0.03965   0.01408 0.0005566
     65/99     4.27G   0.03841   0.02018 0.0009497   0.05955        45       640    0.9788    0.8399    0.8962    0.4747   0.03929   0.01417 0.0004828
     66/99     4.27G   0.03866   0.02085 0.0007196   0.06024        62       640    0.9707    0.8594    0.8985    0.4692   0.04003   0.01422 0.0004484
     67/99     4.27G    0.0389   0.02047 0.0009416    0.0603        60       640    0.9674    0.8708    0.9056     0.474   0.03945   0.01411 0.0003686
     68/99     4.27G   0.03685   0.01976  0.001012   0.05763        47       640    0.9591    0.8697    0.9037    0.4785   0.03948   0.01406 0.0005409
     69/99     4.27G   0.03839   0.02094 0.0007666    0.0601        44       640    0.9561    0.8521     0.901     0.466   0.03966   0.01411 0.0007258
     70/99     4.27G   0.03755   0.02009 0.0009325   0.05857        80       640    0.9496    0.8546    0.9026    0.4723   0.03948   0.01393 0.0007962
     71/99     4.27G   0.03768   0.02002 0.0008501   0.05855        27       640    0.9575    0.8693    0.9034    0.4726   0.03959   0.01409 0.0006976
     72/99     4.27G   0.03609   0.02015 0.0006302   0.05687        44       640    0.9439    0.8644    0.9003    0.4827   0.03915   0.01411 0.0004156
     73/99     4.27G   0.03737   0.01981 0.0007382   0.05792        59       640    0.9695    0.8529    0.9003    0.4807   0.03926   0.01415 0.0005307
     74/99     4.27G   0.03636   0.01955 0.0006899   0.05661        51       640    0.9684    0.8758    0.9074     0.488   0.03911   0.01388 0.0004482
     75/99     4.27G   0.03607   0.01882 0.0007115    0.0556        46       640    0.9384    0.8505    0.9052     0.485   0.03906   0.01393  0.001229
     76/99     4.27G   0.03539   0.02017 0.0007152   0.05627        34       640    0.9509    0.8348    0.9006    0.4788   0.03887   0.01409  0.001529
     77/99     4.27G   0.03639   0.01939 0.0007756   0.05655        82       640     0.949    0.8314    0.8985    0.4784   0.03888   0.01403    0.0016
     78/99     4.27G   0.03607   0.01986 0.0005675   0.05649        35       640    0.9667    0.8598    0.9027    0.4838   0.03899   0.01382 0.0006823
     79/99     4.27G   0.03559   0.01885 0.0006532    0.0551        30       640    0.9727    0.8523    0.9012    0.4867   0.03896   0.01403 0.0005519
     80/99     4.27G   0.03608   0.01935 0.0008423   0.05627        26       640    0.9406    0.8566    0.9016    0.4946   0.03918   0.01403   0.00139
     81/99     4.27G   0.03515   0.01904 0.0006352   0.05482        41       640    0.9721    0.8624    0.9113     0.481   0.03934   0.01387 0.0007365
     82/99     4.27G   0.03667   0.01979 0.0008229   0.05728        58       640    0.9786    0.8715     0.912    0.4979   0.03876   0.01376 0.0005048
     83/99     4.27G   0.03673   0.01963 0.0006457   0.05701       114       640    0.9687    0.8648    0.9037    0.4882   0.03887   0.01381 0.0008255
     84/99     4.27G   0.03493   0.01879 0.0006726   0.05439        44       640    0.9453    0.8625    0.9081    0.4919     0.039   0.01399 0.0004235
     85/99     4.27G   0.03583   0.01875 0.0009265   0.05551        54       640    0.9744    0.8594     0.907    0.4904   0.03888   0.01388 0.0008425
     86/99     4.27G   0.03524   0.01903 0.0008349    0.0551        47       640    0.9623    0.8566    0.9045    0.4797   0.03906   0.01379  0.001175
     87/99     4.27G   0.03587   0.01947 0.0008132   0.05615        91       640    0.9696    0.8465     0.904    0.4983   0.03899   0.01394  0.001148
     88/99     4.27G   0.03555   0.02032 0.0005382   0.05641        41       640     0.969    0.8177    0.8992    0.4941   0.03902   0.01399  0.001201
     89/99     4.27G   0.03527   0.01878 0.0005821   0.05463        30       640    0.9623    0.8551    0.9035    0.4874   0.03911   0.01396 0.0009236
     90/99     4.27G   0.03523   0.01917 0.0004927    0.0549        70       640    0.9597    0.8421    0.9002    0.4923     0.039   0.01379  0.001222
     91/99     4.27G   0.03525   0.01916 0.0004841   0.05489        53       640    0.9522    0.8702     0.906    0.5006   0.03888    0.0138 0.0006771
     92/99     4.27G   0.03475   0.01927 0.0008474   0.05487        36       640    0.9734     0.829    0.8949    0.4884   0.03878   0.01407    0.0015
     93/99     4.27G   0.03589   0.01963 0.0005614   0.05608        31       640    0.9653    0.8509    0.9045    0.4861   0.03885   0.01398  0.001022
     94/99     4.27G    0.0362   0.02009 0.0006611   0.05696        40       640    0.9779    0.8654    0.9104    0.4888   0.03896   0.01405 0.0005056
     95/99     4.27G   0.03421   0.01828  0.000698   0.05319        74       640    0.9705    0.8662    0.9106    0.4839   0.03916   0.01404  0.000325
     96/99     4.27G   0.03605   0.01951 0.0005161   0.05608       107       640    0.9656    0.8806    0.9139    0.4848   0.03921   0.01406 0.0003692
     97/99     4.27G   0.03619    0.0192 0.0007254   0.05612        57       640    0.9812    0.8652    0.9081    0.4754   0.03923    0.0141 0.0003648
     98/99     4.27G   0.03468   0.01878 0.0006193   0.05408        65       640    0.9769    0.8548     0.905    0.4875   0.03889   0.01399 0.0002802
     99/99     4.27G    0.0341   0.01843 0.0006427   0.05317        58       640    0.9639    0.8674     0.906    0.4907   0.03908   0.01396 0.0003116
