0 0.609375 0.104056 0.03125 0.0846561
0 0.968262 0.165785 0.0439453 0.10582
0 0.168945 0.151675 0.03125 0.0634921
0 0.15625 0.151675 0.03125 0.0634921
0 0.306641 0.126102 0.03125 0.0723104
0 0.0761719 0.159612 0.0253906 0.0582011
0 0.0151367 0.0917108 0.0283203 0.0670194
0 0.515137 0.0934744 0.0283203 0.0670194
0 0.224609 0.111111 0.0273438 0.0670194
0 0.157227 0.171958 0.0273438 0.0582011
0 0.40625 0.138448 0.03125 0.0758377
0 0.315918 0.106702 0.0283203 0.0687831
0 0.773926 0.0987654 0.0400391 0.109347
0 0.621094 0.108466 0.03125 0.0828924
0 0.956543 0.146384 0.0419922 0.102293
