0 0.33252 0.172767 0.0341797 0.0614934
0 0.782715 0.154466 0.0205078 0.0424597
0 0.668945 0.188873 0.0292969 0.0497804
0 0.656738 0.188873 0.0302734 0.0497804
0 0.267578 0.226208 0.0449219 0.0746706
0 0.619141 0.190337 0.0292969 0.0497804
0 0.619141 0.171303 0.0273438 0.0497804
0 0.167969 0.296486 0.0585938 0.10981
0 0.664062 0.176428 0.0253906 0.045388
0 0.344727 0.188873 0.0332031 0.0556369
0 0.608398 0.181552 0.0253906 0.0439239
0 0.462402 0.193265 0.0244141 0.0439239
0 0.255859 0.210835 0.0449219 0.0732064
0 0.53418 0.162518 0.0253906 0.0497804
