0 0.915039 0.307813 0.03125 0.071875
0 0.519043 0.322656 0.0244141 0.0453125
0 0.506348 0.322656 0.0244141 0.0453125
0 0.506348 0.302344 0.0244141 0.0453125
0 0.811523 0.311719 0.0292969 0.0671875
0 0.0859375 0.2875 0.03125 0.065625
0 0.608887 0.35 0.0224609 0.05625
0 0.394043 0.349219 0.0263672 0.0515625
0 0.36084 0.351562 0.0244141 0.05
0 0.182129 0.300781 0.0302734 0.0578125
0 0.516113 0.302344 0.0224609 0.0484375
0 0.574219 0.284375 0.0253906 0.053125
0 0.330566 0.296875 0.0263672 0.053125
0 0.773926 0.286719 0.0263672 0.0578125
0 0.824219 0.328125 0.0292969 0.0625
0 0.0966797 0.269531 0.0292969 0.0640625
0 0.620117 0.364062 0.0214844 0.053125
0 0.902344 0.310937 0.0292969 0.065625
